15.9598 15.7603 15.5634 15.3689 15.177 14.9876 14.8008 14.6164 14.4346 14.2553 14.0786 13.9043 13.7326 13.5634 13.3968 13.2326 13.071 12.9119 12.7554 12.6013 12.4498 12.3008 12.1544 12.0104 11.869 11.7301 11.5938 11.4599 11.3286 11.1998 11.0736 10.9498 10.8286 10.71 10.5938 10.4802 10.3691 10.2605 10.1544 10.0509 9.94988 9.85139 9.75544 9.662 9.5711 9.48272 9.39686 9.31353 9.23272 9.15444 9.07868 9.00545 8.93475 8.86657 8.80091 8.73778 8.67718 8.6191 8.56355 8.51052 8.46001 8.41204 8.36658 8.32365 8.28325 8.24537 8.21002 8.17719 8.14689 8.11911 8.09386 8.07113 8.05093 8.03326 8.01811 8.00548 7.99538 7.9878 7.98275 7.98023 7.98023 7.98275 7.9878 7.99538 8.00548 8.01811 8.03326 8.05093 8.07113 8.09386 8.11911 8.14689 8.17719 8.21002 8.24537 8.28325 8.32365 8.36658 8.41204 8.46001 8.51052 8.56355 8.6191 8.67718 8.73778 8.80091 8.86657 8.93475 9.00545 9.07868 9.15444 9.23272 9.31353 9.39686 9.48272 9.5711 9.662 9.75544 9.85139 9.94988 10.0509 10.1544 10.2605 10.3691 10.4802 10.5938 10.71 10.8286 10.9498 11.0736 11.1998 11.3286 11.4599 11.5938 11.7301 11.869 12.0104 12.1544 12.3008 12.4498 12.6013 12.7554 12.9119 13.071 13.2326 13.3968 13.5634 13.7326 13.9043 14.0786 14.2553 14.4346 14.6164 14.8008 14.9876 15.177 15.3689 15.5634 15.7603 15.9598 
15.7603 15.5608 15.3639 15.1694 14.9775 14.7881 14.6013 14.4169 14.2351 14.0558 13.8791 13.7048 13.5331 13.3639 13.1973 13.0331 12.8715 12.7124 12.5559 12.4018 12.2503 12.1013 11.9549 11.8109 11.6695 11.5306 11.3943 11.2604 11.1291 11.0004 10.8741 10.7504 10.6292 10.5105 10.3943 10.2807 10.1696 10.061 9.95493 9.85139 9.75039 9.6519 9.55595 9.46251 9.37161 9.28323 9.19737 9.11404 9.03323 8.95495 8.87919 8.80596 8.73526 8.66708 8.60142 8.53829 8.47769 8.41961 8.36406 8.31103 8.26052 8.21255 8.16709 8.12416 8.08376 8.04588 8.01053 7.9777 7.9474 7.91962 7.89437 7.87164 7.85144 7.83377 7.81862 7.80599 7.79589 7.78831 7.78326 7.78074 7.78074 7.78326 7.78831 7.79589 7.80599 7.81862 7.83377 7.85144 7.87164 7.89437 7.91962 7.9474 7.9777 8.01053 8.04588 8.08376 8.12416 8.16709 8.21255 8.26052 8.31103 8.36406 8.41961 8.47769 8.53829 8.60142 8.66708 8.73526 8.80596 8.87919 8.95495 9.03323 9.11404 9.19737 9.28323 9.37161 9.46251 9.55595 9.6519 9.75039 9.85139 9.95493 10.061 10.1696 10.2807 10.3943 10.5105 10.6292 10.7504 10.8741 11.0004 11.1291 11.2604 11.3943 11.5306 11.6695 11.8109 11.9549 12.1013 12.2503 12.4018 12.5559 12.7124 12.8715 13.0331 13.1973 13.3639 13.5331 13.7048 13.8791 14.0558 14.2351 14.4169 14.6013 14.7881 14.9775 15.1694 15.3639 15.5608 15.7603 
15.5634 15.3639 15.1669 14.9725 14.7806 14.5912 14.4043 14.22 14.0382 13.8589 13.6821 13.5079 13.3362 13.167 13.0003 12.8362 12.6746 12.5155 12.3589 12.2049 12.0534 11.9044 11.7579 11.614 11.4726 11.3337 11.1973 11.0635 10.9322 10.8034 10.6771 10.5534 10.4322 10.3135 10.1973 10.0837 9.9726 9.86402 9.75796 9.65443 9.55342 9.45494 9.35898 9.26555 9.17464 9.08626 9.0004 8.91707 8.83627 8.75799 8.68223 8.609 8.53829 8.47011 8.40446 8.34133 8.28073 8.22265 8.16709 8.11406 8.06356 8.01558 7.97013 7.9272 7.8868 7.84892 7.81357 7.78074 7.75044 7.72266 7.69741 7.67468 7.65448 7.6368 7.62165 7.60903 7.59892 7.59135 7.5863 7.58377 7.58377 7.5863 7.59135 7.59892 7.60903 7.62165 7.6368 7.65448 7.67468 7.69741 7.72266 7.75044 7.78074 7.81357 7.84892 7.8868 7.9272 7.97013 8.01558 8.06356 8.11406 8.16709 8.22265 8.28073 8.34133 8.40446 8.47011 8.53829 8.609 8.68223 8.75799 8.83627 8.91707 9.0004 9.08626 9.17464 9.26555 9.35898 9.45494 9.55342 9.65443 9.75796 9.86402 9.9726 10.0837 10.1973 10.3135 10.4322 10.5534 10.6771 10.8034 10.9322 11.0635 11.1973 11.3337 11.4726 11.614 11.7579 11.9044 12.0534 12.2049 12.3589 12.5155 12.6746 12.8362 13.0003 13.167 13.3362 13.5079 13.6821 13.8589 14.0382 14.22 14.4043 14.5912 14.7806 14.9725 15.1669 15.3639 15.5634 
15.3689 15.1694 14.9725 14.778 14.5861 14.3967 14.2099 14.0255 13.8437 13.6644 13.4877 13.3134 13.1417 12.9725 12.8059 12.6417 12.4801 12.321 12.1645 12.0104 11.8589 11.7099 11.5635 11.4195 11.2781 11.1392 11.0029 10.869 10.7377 10.6089 10.4827 10.359 10.2377 10.1191 10.0029 9.88927 9.77816 9.66958 9.56352 9.45999 9.35898 9.2605 9.16454 9.07111 8.9802 8.89182 8.80596 8.72263 8.64183 8.56355 8.48779 8.41456 8.34385 8.27567 8.21002 8.14689 8.08629 8.02821 7.97265 7.91962 7.86912 7.82114 7.77569 7.73276 7.69236 7.65448 7.61913 7.5863 7.556 7.52822 7.50297 7.48024 7.46004 7.44236 7.42721 7.41459 7.40448 7.39691 7.39186 7.38933 7.38933 7.39186 7.39691 7.40448 7.41459 7.42721 7.44236 7.46004 7.48024 7.50297 7.52822 7.556 7.5863 7.61913 7.65448 7.69236 7.73276 7.77569 7.82114 7.86912 7.91962 7.97265 8.02821 8.08629 8.14689 8.21002 8.27567 8.34385 8.41456 8.48779 8.56355 8.64183 8.72263 8.80596 8.89182 8.9802 9.07111 9.16454 9.2605 9.35898 9.45999 9.56352 9.66958 9.77816 9.88927 10.0029 10.1191 10.2377 10.359 10.4827 10.6089 10.7377 10.869 11.0029 11.1392 11.2781 11.4195 11.5635 11.7099 11.8589 12.0104 12.1645 12.321 12.4801 12.6417 12.8059 12.9725 13.1417 13.3134 13.4877 13.6644 13.8437 14.0255 14.2099 14.3967 14.5861 14.778 14.9725 15.1694 15.3689 
15.177 14.9775 14.7806 14.5861 14.3942 14.2048 14.018 13.8336 13.6518 13.4725 13.2958 13.1215 12.9498 12.7806 12.6139 12.4498 12.2882 12.1291 11.9726 11.8185 11.667 11.518 11.3716 11.2276 11.0862 10.9473 10.811 10.6771 10.5458 10.417 10.2908 10.167 10.0458 9.92715 9.81099 9.69736 9.58625 9.47766 9.37161 9.26807 9.16707 9.06858 8.97263 8.87919 8.78829 8.69991 8.61405 8.53072 8.44991 8.37163 8.29588 8.22265 8.15194 8.08376 8.01811 7.95498 7.89437 7.83629 7.78074 7.72771 7.67721 7.62923 7.58377 7.54084 7.50044 7.46256 7.42721 7.39438 7.36408 7.3363 7.31105 7.28833 7.26812 7.25045 7.2353 7.22267 7.21257 7.20499 7.19994 7.19742 7.19742 7.19994 7.20499 7.21257 7.22267 7.2353 7.25045 7.26812 7.28833 7.31105 7.3363 7.36408 7.39438 7.42721 7.46256 7.50044 7.54084 7.58377 7.62923 7.67721 7.72771 7.78074 7.83629 7.89437 7.95498 8.01811 8.08376 8.15194 8.22265 8.29588 8.37163 8.44991 8.53072 8.61405 8.69991 8.78829 8.87919 8.97263 9.06858 9.16707 9.26807 9.37161 9.47766 9.58625 9.69736 9.81099 9.92715 10.0458 10.167 10.2908 10.417 10.5458 10.6771 10.811 10.9473 11.0862 11.2276 11.3716 11.518 11.667 11.8185 11.9726 12.1291 12.2882 12.4498 12.6139 12.7806 12.9498 13.1215 13.2958 13.4725 13.6518 13.8336 14.018 14.2048 14.3942 14.5861 14.7806 14.9775 15.177 
14.9876 14.7881 14.5912 14.3967 14.2048 14.0154 13.8286 13.6442 13.4624 13.2831 13.1064 12.9321 12.7604 12.5912 12.4246 12.2604 12.0988 11.9397 11.7832 11.6291 11.4776 11.3286 11.1822 11.0382 10.8968 10.7579 10.6216 10.4877 10.3564 10.2276 10.1014 9.97765 9.85644 9.73776 9.6216 9.50797 9.39686 9.28828 9.18222 9.07868 8.97768 8.87919 8.78324 8.68981 8.5989 8.51052 8.42466 8.34133 8.26052 8.18224 8.10649 8.03326 7.96255 7.89437 7.82872 7.76559 7.70498 7.6469 7.59135 7.53832 7.48782 7.43984 7.39438 7.35146 7.31105 7.27317 7.23782 7.20499 7.17469 7.14692 7.12166 7.09894 7.07874 7.06106 7.04591 7.03328 7.02318 7.01561 7.01056 7.00803 7.00803 7.01056 7.01561 7.02318 7.03328 7.04591 7.06106 7.07874 7.09894 7.12166 7.14692 7.17469 7.20499 7.23782 7.27317 7.31105 7.35146 7.39438 7.43984 7.48782 7.53832 7.59135 7.6469 7.70498 7.76559 7.82872 7.89437 7.96255 8.03326 8.10649 8.18224 8.26052 8.34133 8.42466 8.51052 8.5989 8.68981 8.78324 8.87919 8.97768 9.07868 9.18222 9.28828 9.39686 9.50797 9.6216 9.73776 9.85644 9.97765 10.1014 10.2276 10.3564 10.4877 10.6216 10.7579 10.8968 11.0382 11.1822 11.3286 11.4776 11.6291 11.7832 11.9397 12.0988 12.2604 12.4246 12.5912 12.7604 12.9321 13.1064 13.2831 13.4624 13.6442 13.8286 14.0154 14.2048 14.3967 14.5912 14.7881 14.9876 
14.8008 14.6013 14.4043 14.2099 14.018 13.8286 13.6417 13.4574 13.2755 13.0963 12.9195 12.7453 12.5735 12.4044 12.2377 12.0736 11.9119 11.7529 11.5963 11.4423 11.2908 11.1418 10.9953 10.8514 10.71 10.5711 10.4347 10.3009 10.1696 10.0408 9.91452 9.79079 9.66958 9.5509 9.43474 9.3211 9.20999 9.10141 8.99535 8.89182 8.79081 8.69233 8.59637 8.50294 8.41204 8.32365 8.2378 8.15447 8.07366 7.99538 7.91962 7.84639 7.77569 7.70751 7.64185 7.57872 7.51812 7.46004 7.40448 7.35146 7.30095 7.25297 7.20752 7.16459 7.12419 7.08631 7.05096 7.01813 6.98783 6.96005 6.9348 6.91207 6.89187 6.8742 6.85904 6.84642 6.83632 6.82874 6.82369 6.82117 6.82117 6.82369 6.82874 6.83632 6.84642 6.85904 6.8742 6.89187 6.91207 6.9348 6.96005 6.98783 7.01813 7.05096 7.08631 7.12419 7.16459 7.20752 7.25297 7.30095 7.35146 7.40448 7.46004 7.51812 7.57872 7.64185 7.70751 7.77569 7.84639 7.91962 7.99538 8.07366 8.15447 8.2378 8.32365 8.41204 8.50294 8.59637 8.69233 8.79081 8.89182 8.99535 9.10141 9.20999 9.3211 9.43474 9.5509 9.66958 9.79079 9.91452 10.0408 10.1696 10.3009 10.4347 10.5711 10.71 10.8514 10.9953 11.1418 11.2908 11.4423 11.5963 11.7529 11.9119 12.0736 12.2377 12.4044 12.5735 12.7453 12.9195 13.0963 13.2755 13.4574 13.6417 13.8286 14.018 14.2099 14.4043 14.6013 14.8008 
14.6164 14.4169 14.22 14.0255 13.8336 13.6442 13.4574 13.273 13.0912 12.9119 12.7352 12.5609 12.3892 12.22 12.0534 11.8892 11.7276 11.5685 11.412 11.2579 11.1064 10.9574 10.811 10.667 10.5256 10.3867 10.2504 10.1165 9.98523 9.85644 9.73018 9.60645 9.48524 9.36656 9.2504 9.13676 9.02566 8.91707 8.81101 8.70748 8.60647 8.50799 8.41204 8.3186 8.2277 8.13931 8.05346 7.97013 7.88932 7.81104 7.73528 7.66205 7.59135 7.52317 7.45751 7.39438 7.33378 7.2757 7.22015 7.16712 7.11661 7.06863 7.02318 6.98025 6.93985 6.90197 6.86662 6.83379 6.80349 6.77571 6.75046 6.72773 6.70753 6.68986 6.67471 6.66208 6.65198 6.6444 6.63935 6.63683 6.63683 6.63935 6.6444 6.65198 6.66208 6.67471 6.68986 6.70753 6.72773 6.75046 6.77571 6.80349 6.83379 6.86662 6.90197 6.93985 6.98025 7.02318 7.06863 7.11661 7.16712 7.22015 7.2757 7.33378 7.39438 7.45751 7.52317 7.59135 7.66205 7.73528 7.81104 7.88932 7.97013 8.05346 8.13931 8.2277 8.3186 8.41204 8.50799 8.60647 8.70748 8.81101 8.91707 9.02566 9.13676 9.2504 9.36656 9.48524 9.60645 9.73018 9.85644 9.98523 10.1165 10.2504 10.3867 10.5256 10.667 10.811 10.9574 11.1064 11.2579 11.412 11.5685 11.7276 11.8892 12.0534 12.22 12.3892 12.5609 12.7352 12.9119 13.0912 13.273 13.4574 13.6442 13.8336 14.0255 14.22 14.4169 14.6164 
14.4346 14.2351 14.0382 13.8437 13.6518 13.4624 13.2755 13.0912 12.9094 12.7301 12.5533 12.3791 12.2074 12.0382 11.8715 11.7074 11.5458 11.3867 11.2301 11.0761 10.9246 10.7756 10.6292 10.4852 10.3438 10.2049 10.0686 9.93472 9.80341 9.67463 9.54837 9.42464 9.30343 9.18474 9.06858 8.95495 8.84384 8.73526 8.6292 8.52567 8.42466 8.32618 8.23022 8.13679 8.04588 7.9575 7.87164 7.78831 7.70751 7.62923 7.55347 7.48024 7.40954 7.34136 7.2757 7.21257 7.15197 7.09389 7.03833 6.9853 6.9348 6.88682 6.84137 6.79844 6.75804 6.72016 6.68481 6.65198 6.62168 6.5939 6.56865 6.54592 6.52572 6.50804 6.49289 6.48027 6.47016 6.46259 6.45754 6.45501 6.45501 6.45754 6.46259 6.47016 6.48027 6.49289 6.50804 6.52572 6.54592 6.56865 6.5939 6.62168 6.65198 6.68481 6.72016 6.75804 6.79844 6.84137 6.88682 6.9348 6.9853 7.03833 7.09389 7.15197 7.21257 7.2757 7.34136 7.40954 7.48024 7.55347 7.62923 7.70751 7.78831 7.87164 7.9575 8.04588 8.13679 8.23022 8.32618 8.42466 8.52567 8.6292 8.73526 8.84384 8.95495 9.06858 9.18474 9.30343 9.42464 9.54837 9.67463 9.80341 9.93472 10.0686 10.2049 10.3438 10.4852 10.6292 10.7756 10.9246 11.0761 11.2301 11.3867 11.5458 11.7074 11.8715 12.0382 12.2074 12.3791 12.5533 12.7301 12.9094 13.0912 13.2755 13.4624 13.6518 13.8437 14.0382 14.2351 14.4346 
14.2553 14.0558 13.8589 13.6644 13.4725 13.2831 13.0963 12.9119 12.7301 12.5508 12.3741 12.1998 12.0281 11.8589 11.6923 11.5281 11.3665 11.2074 11.0509 10.8968 10.7453 10.5963 10.4499 10.3059 10.1645 10.0256 9.88927 9.75544 9.62413 9.49534 9.36908 9.24535 9.12414 9.00545 8.8893 8.77566 8.66455 8.55597 8.44991 8.34638 8.24537 8.14689 8.05093 7.9575 7.86659 7.77821 7.69236 7.60903 7.52822 7.44994 7.37418 7.30095 7.23025 7.16207 7.09641 7.03328 6.97268 6.9146 6.85904 6.80601 6.75551 6.70753 6.66208 6.61915 6.57875 6.54087 6.50552 6.47269 6.44239 6.41461 6.38936 6.36663 6.34643 6.32875 6.3136 6.30098 6.29088 6.2833 6.27825 6.27573 6.27573 6.27825 6.2833 6.29088 6.30098 6.3136 6.32875 6.34643 6.36663 6.38936 6.41461 6.44239 6.47269 6.50552 6.54087 6.57875 6.61915 6.66208 6.70753 6.75551 6.80601 6.85904 6.9146 6.97268 7.03328 7.09641 7.16207 7.23025 7.30095 7.37418 7.44994 7.52822 7.60903 7.69236 7.77821 7.86659 7.9575 8.05093 8.14689 8.24537 8.34638 8.44991 8.55597 8.66455 8.77566 8.8893 9.00545 9.12414 9.24535 9.36908 9.49534 9.62413 9.75544 9.88927 10.0256 10.1645 10.3059 10.4499 10.5963 10.7453 10.8968 11.0509 11.2074 11.3665 11.5281 11.6923 11.8589 12.0281 12.1998 12.3741 12.5508 12.7301 12.9119 13.0963 13.2831 13.4725 13.6644 13.8589 14.0558 14.2553 
14.0786 13.8791 13.6821 13.4877 13.2958 13.1064 12.9195 12.7352 12.5533 12.3741 12.1973 12.0231 11.8513 11.6822 11.5155 11.3514 11.1897 11.0307 10.8741 10.7201 10.5685 10.4196 10.2731 10.1292 9.98775 9.84887 9.71251 9.57867 9.44736 9.31858 9.19232 9.06858 8.94738 8.82869 8.71253 8.5989 8.48779 8.37921 8.27315 8.16962 8.06861 7.97013 7.87417 7.78074 7.68983 7.60145 7.51559 7.43226 7.35146 7.27317 7.19742 7.12419 7.05348 6.9853 6.91965 6.85652 6.79591 6.73783 6.68228 6.62925 6.57875 6.53077 6.48532 6.44239 6.40198 6.36411 6.32875 6.29593 6.26562 6.23785 6.2126 6.18987 6.16967 6.15199 6.13684 6.12421 6.11411 6.10654 6.10149 6.09896 6.09896 6.10149 6.10654 6.11411 6.12421 6.13684 6.15199 6.16967 6.18987 6.2126 6.23785 6.26562 6.29593 6.32875 6.36411 6.40198 6.44239 6.48532 6.53077 6.57875 6.62925 6.68228 6.73783 6.79591 6.85652 6.91965 6.9853 7.05348 7.12419 7.19742 7.27317 7.35146 7.43226 7.51559 7.60145 7.68983 7.78074 7.87417 7.97013 8.06861 8.16962 8.27315 8.37921 8.48779 8.5989 8.71253 8.82869 8.94738 9.06858 9.19232 9.31858 9.44736 9.57867 9.71251 9.84887 9.98775 10.1292 10.2731 10.4196 10.5685 10.7201 10.8741 11.0307 11.1897 11.3514 11.5155 11.6822 11.8513 12.0231 12.1973 12.3741 12.5533 12.7352 12.9195 13.1064 13.2958 13.4877 13.6821 13.8791 14.0786 
13.9043 13.7048 13.5079 13.3134 13.1215 12.9321 12.7453 12.5609 12.3791 12.1998 12.0231 11.8488 11.6771 11.5079 11.3413 11.1771 11.0155 10.8564 10.6999 10.5458 10.3943 10.2453 10.0989 9.95493 9.81351 9.67463 9.53827 9.40443 9.27312 9.14434 9.01808 8.89435 8.77314 8.65445 8.53829 8.42466 8.31355 8.20497 8.09891 7.99538 7.89437 7.79589 7.69993 7.6065 7.51559 7.42721 7.34136 7.25802 7.17722 7.09894 7.02318 6.94995 6.87925 6.81107 6.74541 6.68228 6.62168 6.5636 6.50804 6.45501 6.40451 6.35653 6.31108 6.26815 6.22775 6.18987 6.15452 6.12169 6.09139 6.06361 6.03836 6.01563 5.99543 5.97775 5.9626 5.94998 5.93988 5.9323 5.92725 5.92472 5.92472 5.92725 5.9323 5.93988 5.94998 5.9626 5.97775 5.99543 6.01563 6.03836 6.06361 6.09139 6.12169 6.15452 6.18987 6.22775 6.26815 6.31108 6.35653 6.40451 6.45501 6.50804 6.5636 6.62168 6.68228 6.74541 6.81107 6.87925 6.94995 7.02318 7.09894 7.17722 7.25802 7.34136 7.42721 7.51559 7.6065 7.69993 7.79589 7.89437 7.99538 8.09891 8.20497 8.31355 8.42466 8.53829 8.65445 8.77314 8.89435 9.01808 9.14434 9.27312 9.40443 9.53827 9.67463 9.81351 9.95493 10.0989 10.2453 10.3943 10.5458 10.6999 10.8564 11.0155 11.1771 11.3413 11.5079 11.6771 11.8488 12.0231 12.1998 12.3791 12.5609 12.7453 12.9321 13.1215 13.3134 13.5079 13.7048 13.9043 
13.7326 13.5331 13.3362 13.1417 12.9498 12.7604 12.5735 12.3892 12.2074 12.0281 11.8513 11.6771 11.5054 11.3362 11.1695 11.0054 10.8438 10.6847 10.5281 10.3741 10.2226 10.0736 9.92715 9.78321 9.6418 9.50292 9.36656 9.23272 9.10141 8.97263 8.84637 8.72263 8.60142 8.48274 8.36658 8.25295 8.14184 8.03326 7.9272 7.82367 7.72266 7.62418 7.52822 7.43479 7.34388 7.2555 7.16964 7.08631 7.0055 6.92722 6.85147 6.77824 6.70753 6.63935 6.5737 6.51057 6.44996 6.39188 6.33633 6.2833 6.2328 6.18482 6.13937 6.09644 6.05603 6.01816 5.9828 5.94998 5.91967 5.8919 5.86664 5.84392 5.82372 5.80604 5.79089 5.77826 5.76816 5.76059 5.75554 5.75301 5.75301 5.75554 5.76059 5.76816 5.77826 5.79089 5.80604 5.82372 5.84392 5.86664 5.8919 5.91967 5.94998 5.9828 6.01816 6.05603 6.09644 6.13937 6.18482 6.2328 6.2833 6.33633 6.39188 6.44996 6.51057 6.5737 6.63935 6.70753 6.77824 6.85147 6.92722 7.0055 7.08631 7.16964 7.2555 7.34388 7.43479 7.52822 7.62418 7.72266 7.82367 7.9272 8.03326 8.14184 8.25295 8.36658 8.48274 8.60142 8.72263 8.84637 8.97263 9.10141 9.23272 9.36656 9.50292 9.6418 9.78321 9.92715 10.0736 10.2226 10.3741 10.5281 10.6847 10.8438 11.0054 11.1695 11.3362 11.5054 11.6771 11.8513 12.0281 12.2074 12.3892 12.5735 12.7604 12.9498 13.1417 13.3362 13.5331 13.7326 
13.5634 13.3639 13.167 12.9725 12.7806 12.5912 12.4044 12.22 12.0382 11.8589 11.6822 11.5079 11.3362 11.167 11.0004 10.8362 10.6746 10.5155 10.359 10.2049 10.0534 9.90442 9.75796 9.61402 9.47261 9.33373 9.19737 9.06353 8.93222 8.80344 8.67718 8.55345 8.43224 8.31355 8.19739 8.08376 7.97265 7.86407 7.75801 7.65448 7.55347 7.45499 7.35903 7.2656 7.17469 7.08631 7.00045 6.91712 6.83632 6.75804 6.68228 6.60905 6.53834 6.47016 6.40451 6.34138 6.28078 6.2227 6.16714 6.11411 6.06361 6.01563 5.97018 5.92725 5.88685 5.84897 5.81362 5.78079 5.75049 5.72271 5.69746 5.67473 5.65453 5.63685 5.6217 5.60908 5.59897 5.5914 5.58635 5.58382 5.58382 5.58635 5.5914 5.59897 5.60908 5.6217 5.63685 5.65453 5.67473 5.69746 5.72271 5.75049 5.78079 5.81362 5.84897 5.88685 5.92725 5.97018 6.01563 6.06361 6.11411 6.16714 6.2227 6.28078 6.34138 6.40451 6.47016 6.53834 6.60905 6.68228 6.75804 6.83632 6.91712 7.00045 7.08631 7.17469 7.2656 7.35903 7.45499 7.55347 7.65448 7.75801 7.86407 7.97265 8.08376 8.19739 8.31355 8.43224 8.55345 8.67718 8.80344 8.93222 9.06353 9.19737 9.33373 9.47261 9.61402 9.75796 9.90442 10.0534 10.2049 10.359 10.5155 10.6746 10.8362 11.0004 11.167 11.3362 11.5079 11.6822 11.8589 12.0382 12.22 12.4044 12.5912 12.7806 12.9725 13.167 13.3639 13.5634 
13.3968 13.1973 13.0003 12.8059 12.6139 12.4246 12.2377 12.0534 11.8715 11.6923 11.5155 11.3413 11.1695 11.0004 10.8337 10.6696 10.5079 10.3489 10.1923 10.0383 9.88675 9.73776 9.5913 9.44736 9.30595 9.16707 9.03071 8.89687 8.76556 8.63678 8.51052 8.38678 8.26557 8.14689 8.03073 7.9171 7.80599 7.69741 7.59135 7.48782 7.38681 7.28833 7.19237 7.09894 7.00803 6.91965 6.83379 6.75046 6.66965 6.59137 6.51562 6.44239 6.37168 6.3035 6.23785 6.17472 6.11411 6.05603 6.00048 5.94745 5.89695 5.84897 5.80352 5.76059 5.72018 5.68231 5.64695 5.61413 5.58382 5.55605 5.53079 5.50807 5.48787 5.47019 5.45504 5.44241 5.43231 5.42474 5.41969 5.41716 5.41716 5.41969 5.42474 5.43231 5.44241 5.45504 5.47019 5.48787 5.50807 5.53079 5.55605 5.58382 5.61413 5.64695 5.68231 5.72018 5.76059 5.80352 5.84897 5.89695 5.94745 6.00048 6.05603 6.11411 6.17472 6.23785 6.3035 6.37168 6.44239 6.51562 6.59137 6.66965 6.75046 6.83379 6.91965 7.00803 7.09894 7.19237 7.28833 7.38681 7.48782 7.59135 7.69741 7.80599 7.9171 8.03073 8.14689 8.26557 8.38678 8.51052 8.63678 8.76556 8.89687 9.03071 9.16707 9.30595 9.44736 9.5913 9.73776 9.88675 10.0383 10.1923 10.3489 10.5079 10.6696 10.8337 11.0004 11.1695 11.3413 11.5155 11.6923 11.8715 12.0534 12.2377 12.4246 12.6139 12.8059 13.0003 13.1973 13.3968 
13.2326 13.0331 12.8362 12.6417 12.4498 12.2604 12.0736 11.8892 11.7074 11.5281 11.3514 11.1771 11.0054 10.8362 10.6696 10.5054 10.3438 10.1847 10.0282 9.87412 9.72261 9.57362 9.42716 9.28323 9.14181 9.00293 8.86657 8.73273 8.60142 8.47264 8.34638 8.22265 8.10144 7.98275 7.86659 7.75296 7.64185 7.53327 7.42721 7.32368 7.22267 7.12419 7.02823 6.9348 6.84389 6.75551 6.66965 6.58632 6.50552 6.42724 6.35148 6.27825 6.20755 6.13937 6.07371 6.01058 5.94998 5.8919 5.83634 5.78331 5.73281 5.68483 5.63938 5.59645 5.55605 5.51817 5.48282 5.44999 5.41969 5.39191 5.36666 5.34393 5.32373 5.30605 5.2909 5.27828 5.26818 5.2606 5.25555 5.25302 5.25302 5.25555 5.2606 5.26818 5.27828 5.2909 5.30605 5.32373 5.34393 5.36666 5.39191 5.41969 5.44999 5.48282 5.51817 5.55605 5.59645 5.63938 5.68483 5.73281 5.78331 5.83634 5.8919 5.94998 6.01058 6.07371 6.13937 6.20755 6.27825 6.35148 6.42724 6.50552 6.58632 6.66965 6.75551 6.84389 6.9348 7.02823 7.12419 7.22267 7.32368 7.42721 7.53327 7.64185 7.75296 7.86659 7.98275 8.10144 8.22265 8.34638 8.47264 8.60142 8.73273 8.86657 9.00293 9.14181 9.28323 9.42716 9.57362 9.72261 9.87412 10.0282 10.1847 10.3438 10.5054 10.6696 10.8362 11.0054 11.1771 11.3514 11.5281 11.7074 11.8892 12.0736 12.2604 12.4498 12.6417 12.8362 13.0331 13.2326 
13.071 12.8715 12.6746 12.4801 12.2882 12.0988 11.9119 11.7276 11.5458 11.3665 11.1897 11.0155 10.8438 10.6746 10.5079 10.3438 10.1822 10.0231 9.86654 9.71251 9.561 9.41201 9.26555 9.12161 8.9802 8.84132 8.70496 8.57112 8.43981 8.31103 8.18477 8.06103 7.93982 7.82114 7.70498 7.59135 7.48024 7.37166 7.2656 7.16207 7.06106 6.96258 6.86662 6.77319 6.68228 6.5939 6.50804 6.42471 6.34391 6.26562 6.18987 6.11664 6.04593 5.97775 5.9121 5.84897 5.78836 5.73028 5.67473 5.6217 5.5712 5.52322 5.47777 5.43484 5.39443 5.35656 5.3212 5.28838 5.25807 5.2303 5.20505 5.18232 5.16212 5.14444 5.12929 5.11666 5.10656 5.09899 5.09394 5.09141 5.09141 5.09394 5.09899 5.10656 5.11666 5.12929 5.14444 5.16212 5.18232 5.20505 5.2303 5.25807 5.28838 5.3212 5.35656 5.39443 5.43484 5.47777 5.52322 5.5712 5.6217 5.67473 5.73028 5.78836 5.84897 5.9121 5.97775 6.04593 6.11664 6.18987 6.26562 6.34391 6.42471 6.50804 6.5939 6.68228 6.77319 6.86662 6.96258 7.06106 7.16207 7.2656 7.37166 7.48024 7.59135 7.70498 7.82114 7.93982 8.06103 8.18477 8.31103 8.43981 8.57112 8.70496 8.84132 8.9802 9.12161 9.26555 9.41201 9.561 9.71251 9.86654 10.0231 10.1822 10.3438 10.5079 10.6746 10.8438 11.0155 11.1897 11.3665 11.5458 11.7276 11.9119 12.0988 12.2882 12.4801 12.6746 12.8715 13.071 
12.9119 12.7124 12.5155 12.321 12.1291 11.9397 11.7529 11.5685 11.3867 11.2074 11.0307 10.8564 10.6847 10.5155 10.3489 10.1847 10.0231 9.86402 9.70746 9.55342 9.40191 9.25292 9.10646 8.96253 8.82112 8.68223 8.54587 8.41204 8.28073 8.15194 8.02568 7.90195 7.78074 7.66205 7.5459 7.43226 7.32115 7.21257 7.10651 7.00298 6.90197 6.80349 6.70753 6.6141 6.52319 6.43481 6.34896 6.26562 6.18482 6.10654 6.03078 5.95755 5.88685 5.81867 5.75301 5.68988 5.62928 5.5712 5.51564 5.46261 5.41211 5.36413 5.31868 5.27575 5.23535 5.19747 5.16212 5.12929 5.09899 5.07121 5.04596 5.02323 5.00303 4.98535 4.9702 4.95758 4.94748 4.9399 4.93485 4.93232 4.93232 4.93485 4.9399 4.94748 4.95758 4.9702 4.98535 5.00303 5.02323 5.04596 5.07121 5.09899 5.12929 5.16212 5.19747 5.23535 5.27575 5.31868 5.36413 5.41211 5.46261 5.51564 5.5712 5.62928 5.68988 5.75301 5.81867 5.88685 5.95755 6.03078 6.10654 6.18482 6.26562 6.34896 6.43481 6.52319 6.6141 6.70753 6.80349 6.90197 7.00298 7.10651 7.21257 7.32115 7.43226 7.5459 7.66205 7.78074 7.90195 8.02568 8.15194 8.28073 8.41204 8.54587 8.68223 8.82112 8.96253 9.10646 9.25292 9.40191 9.55342 9.70746 9.86402 10.0231 10.1847 10.3489 10.5155 10.6847 10.8564 11.0307 11.2074 11.3867 11.5685 11.7529 11.9397 12.1291 12.321 12.5155 12.7124 12.9119 
12.7554 12.5559 12.3589 12.1645 11.9726 11.7832 11.5963 11.412 11.2301 11.0509 10.8741 10.6999 10.5281 10.359 10.1923 10.0282 9.86654 9.70746 9.5509 9.39686 9.24535 9.09636 8.9499 8.80596 8.66455 8.52567 8.38931 8.25547 8.12416 7.99538 7.86912 7.74539 7.62418 7.50549 7.38933 7.2757 7.16459 7.05601 6.94995 6.84642 6.74541 6.64693 6.55097 6.45754 6.36663 6.27825 6.19239 6.10906 6.02826 5.94998 5.87422 5.80099 5.73028 5.6621 5.59645 5.53332 5.47272 5.41464 5.35908 5.30605 5.25555 5.20757 5.16212 5.11919 5.07879 5.04091 5.00556 4.97273 4.94243 4.91465 4.8894 4.86667 4.84647 4.82879 4.81364 4.80102 4.79091 4.78334 4.77829 4.77576 4.77576 4.77829 4.78334 4.79091 4.80102 4.81364 4.82879 4.84647 4.86667 4.8894 4.91465 4.94243 4.97273 5.00556 5.04091 5.07879 5.11919 5.16212 5.20757 5.25555 5.30605 5.35908 5.41464 5.47272 5.53332 5.59645 5.6621 5.73028 5.80099 5.87422 5.94998 6.02826 6.10906 6.19239 6.27825 6.36663 6.45754 6.55097 6.64693 6.74541 6.84642 6.94995 7.05601 7.16459 7.2757 7.38933 7.50549 7.62418 7.74539 7.86912 7.99538 8.12416 8.25547 8.38931 8.52567 8.66455 8.80596 8.9499 9.09636 9.24535 9.39686 9.5509 9.70746 9.86654 10.0282 10.1923 10.359 10.5281 10.6999 10.8741 11.0509 11.2301 11.412 11.5963 11.7832 11.9726 12.1645 12.3589 12.5559 12.7554 
12.6013 12.4018 12.2049 12.0104 11.8185 11.6291 11.4423 11.2579 11.0761 10.8968 10.7201 10.5458 10.3741 10.2049 10.0383 9.87412 9.71251 9.55342 9.39686 9.24282 9.09131 8.94232 8.79586 8.65193 8.51052 8.37163 8.23527 8.10144 7.97013 7.84134 7.71508 7.59135 7.47014 7.35146 7.2353 7.12166 7.01056 6.90197 6.79591 6.69238 6.59137 6.49289 6.39693 6.3035 6.2126 6.12421 6.03836 5.95503 5.87422 5.79594 5.72018 5.64695 5.57625 5.50807 5.44241 5.37928 5.31868 5.2606 5.20505 5.15202 5.10151 5.05353 5.00808 4.96515 4.92475 4.88687 4.85152 4.81869 4.78839 4.76061 4.73536 4.71263 4.69243 4.67476 4.6596 4.64698 4.63688 4.6293 4.62425 4.62173 4.62173 4.62425 4.6293 4.63688 4.64698 4.6596 4.67476 4.69243 4.71263 4.73536 4.76061 4.78839 4.81869 4.85152 4.88687 4.92475 4.96515 5.00808 5.05353 5.10151 5.15202 5.20505 5.2606 5.31868 5.37928 5.44241 5.50807 5.57625 5.64695 5.72018 5.79594 5.87422 5.95503 6.03836 6.12421 6.2126 6.3035 6.39693 6.49289 6.59137 6.69238 6.79591 6.90197 7.01056 7.12166 7.2353 7.35146 7.47014 7.59135 7.71508 7.84134 7.97013 8.10144 8.23527 8.37163 8.51052 8.65193 8.79586 8.94232 9.09131 9.24282 9.39686 9.55342 9.71251 9.87412 10.0383 10.2049 10.3741 10.5458 10.7201 10.8968 11.0761 11.2579 11.4423 11.6291 11.8185 12.0104 12.2049 12.4018 12.6013 
12.4498 12.2503 12.0534 11.8589 11.667 11.4776 11.2908 11.1064 10.9246 10.7453 10.5685 10.3943 10.2226 10.0534 9.88675 9.72261 9.561 9.40191 9.24535 9.09131 8.9398 8.79081 8.64435 8.50042 8.35901 8.22012 8.08376 7.94993 7.81862 7.68983 7.56357 7.43984 7.31863 7.19994 7.08379 6.97015 6.85904 6.75046 6.6444 6.54087 6.43986 6.34138 6.24542 6.15199 6.06108 5.9727 5.88685 5.80352 5.72271 5.64443 5.56867 5.49544 5.42474 5.35656 5.2909 5.22777 5.16717 5.10909 5.05353 5.00051 4.95 4.90202 4.85657 4.81364 4.77324 4.73536 4.70001 4.66718 4.63688 4.6091 4.58385 4.56112 4.54092 4.52324 4.50809 4.49547 4.48537 4.47779 4.47274 4.47022 4.47022 4.47274 4.47779 4.48537 4.49547 4.50809 4.52324 4.54092 4.56112 4.58385 4.6091 4.63688 4.66718 4.70001 4.73536 4.77324 4.81364 4.85657 4.90202 4.95 5.00051 5.05353 5.10909 5.16717 5.22777 5.2909 5.35656 5.42474 5.49544 5.56867 5.64443 5.72271 5.80352 5.88685 5.9727 6.06108 6.15199 6.24542 6.34138 6.43986 6.54087 6.6444 6.75046 6.85904 6.97015 7.08379 7.19994 7.31863 7.43984 7.56357 7.68983 7.81862 7.94993 8.08376 8.22012 8.35901 8.50042 8.64435 8.79081 8.9398 9.09131 9.24535 9.40191 9.561 9.72261 9.88675 10.0534 10.2226 10.3943 10.5685 10.7453 10.9246 11.1064 11.2908 11.4776 11.667 11.8589 12.0534 12.2503 12.4498 
12.3008 12.1013 11.9044 11.7099 11.518 11.3286 11.1418 10.9574 10.7756 10.5963 10.4196 10.2453 10.0736 9.90442 9.73776 9.57362 9.41201 9.25292 9.09636 8.94232 8.79081 8.64183 8.49537 8.35143 8.21002 8.07113 7.93477 7.80094 7.66963 7.54084 7.41459 7.29085 7.16964 7.05096 6.9348 6.82117 6.71006 6.60147 6.49542 6.39188 6.29088 6.19239 6.09644 6.003 5.9121 5.82372 5.73786 5.65453 5.57372 5.49544 5.41969 5.34646 5.27575 5.20757 5.14192 5.07879 5.01818 4.9601 4.90455 4.85152 4.80102 4.75304 4.70758 4.66465 4.62425 4.58637 4.55102 4.51819 4.48789 4.46011 4.43486 4.41214 4.39193 4.37426 4.35911 4.34648 4.33638 4.3288 4.32375 4.32123 4.32123 4.32375 4.3288 4.33638 4.34648 4.35911 4.37426 4.39193 4.41214 4.43486 4.46011 4.48789 4.51819 4.55102 4.58637 4.62425 4.66465 4.70758 4.75304 4.80102 4.85152 4.90455 4.9601 5.01818 5.07879 5.14192 5.20757 5.27575 5.34646 5.41969 5.49544 5.57372 5.65453 5.73786 5.82372 5.9121 6.003 6.09644 6.19239 6.29088 6.39188 6.49542 6.60147 6.71006 6.82117 6.9348 7.05096 7.16964 7.29085 7.41459 7.54084 7.66963 7.80094 7.93477 8.07113 8.21002 8.35143 8.49537 8.64183 8.79081 8.94232 9.09636 9.25292 9.41201 9.57362 9.73776 9.90442 10.0736 10.2453 10.4196 10.5963 10.7756 10.9574 11.1418 11.3286 11.518 11.7099 11.9044 12.1013 12.3008 
12.1544 11.9549 11.7579 11.5635 11.3716 11.1822 10.9953 10.811 10.6292 10.4499 10.2731 10.0989 9.92715 9.75796 9.5913 9.42716 9.26555 9.10646 8.9499 8.79586 8.64435 8.49537 8.34891 8.20497 8.06356 7.92467 7.78831 7.65448 7.52317 7.39438 7.26812 7.14439 7.02318 6.9045 6.78834 6.67471 6.5636 6.45501 6.34896 6.24542 6.14442 6.04593 5.94998 5.85654 5.76564 5.67726 5.5914 5.50807 5.42726 5.34898 5.27323 5.19999 5.12929 5.06111 4.99545 4.93232 4.87172 4.81364 4.75809 4.70506 4.65455 4.60658 4.56112 4.51819 4.47779 4.43991 4.40456 4.37173 4.34143 4.31365 4.2884 4.26568 4.24547 4.2278 4.21265 4.20002 4.18992 4.18234 4.17729 4.17477 4.17477 4.17729 4.18234 4.18992 4.20002 4.21265 4.2278 4.24547 4.26568 4.2884 4.31365 4.34143 4.37173 4.40456 4.43991 4.47779 4.51819 4.56112 4.60658 4.65455 4.70506 4.75809 4.81364 4.87172 4.93232 4.99545 5.06111 5.12929 5.19999 5.27323 5.34898 5.42726 5.50807 5.5914 5.67726 5.76564 5.85654 5.94998 6.04593 6.14442 6.24542 6.34896 6.45501 6.5636 6.67471 6.78834 6.9045 7.02318 7.14439 7.26812 7.39438 7.52317 7.65448 7.78831 7.92467 8.06356 8.20497 8.34891 8.49537 8.64435 8.79586 8.9499 9.10646 9.26555 9.42716 9.5913 9.75796 9.92715 10.0989 10.2731 10.4499 10.6292 10.811 10.9953 11.1822 11.3716 11.5635 11.7579 11.9549 12.1544 
12.0104 11.8109 11.614 11.4195 11.2276 11.0382 10.8514 10.667 10.4852 10.3059 10.1292 9.95493 9.78321 9.61402 9.44736 9.28323 9.12161 8.96253 8.80596 8.65193 8.50042 8.35143 8.20497 8.06103 7.91962 7.78074 7.64438 7.51054 7.37923 7.25045 7.12419 7.00045 6.87925 6.76056 6.6444 6.53077 6.41966 6.31108 6.20502 6.10149 6.00048 5.902 5.80604 5.71261 5.6217 5.53332 5.44746 5.36413 5.28333 5.20505 5.12929 5.05606 4.98535 4.91717 4.85152 4.78839 4.72778 4.66971 4.61415 4.56112 4.51062 4.46264 4.41719 4.37426 4.33386 4.29598 4.26062 4.2278 4.1975 4.16972 4.14447 4.12174 4.10154 4.08386 4.06871 4.05608 4.04598 4.03841 4.03336 4.03083 4.03083 4.03336 4.03841 4.04598 4.05608 4.06871 4.08386 4.10154 4.12174 4.14447 4.16972 4.1975 4.2278 4.26062 4.29598 4.33386 4.37426 4.41719 4.46264 4.51062 4.56112 4.61415 4.66971 4.72778 4.78839 4.85152 4.91717 4.98535 5.05606 5.12929 5.20505 5.28333 5.36413 5.44746 5.53332 5.6217 5.71261 5.80604 5.902 6.00048 6.10149 6.20502 6.31108 6.41966 6.53077 6.6444 6.76056 6.87925 7.00045 7.12419 7.25045 7.37923 7.51054 7.64438 7.78074 7.91962 8.06103 8.20497 8.35143 8.50042 8.65193 8.80596 8.96253 9.12161 9.28323 9.44736 9.61402 9.78321 9.95493 10.1292 10.3059 10.4852 10.667 10.8514 11.0382 11.2276 11.4195 11.614 11.8109 12.0104 
11.869 11.6695 11.4726 11.2781 11.0862 10.8968 10.71 10.5256 10.3438 10.1645 9.98775 9.81351 9.6418 9.47261 9.30595 9.14181 8.9802 8.82112 8.66455 8.51052 8.35901 8.21002 8.06356 7.91962 7.77821 7.63933 7.50297 7.36913 7.23782 7.10904 6.98278 6.85904 6.73783 6.61915 6.50299 6.38936 6.27825 6.16967 6.06361 5.96008 5.85907 5.76059 5.66463 5.5712 5.48029 5.39191 5.30605 5.22272 5.14192 5.06363 4.98788 4.91465 4.84394 4.77576 4.71011 4.64698 4.58637 4.52829 4.47274 4.41971 4.36921 4.32123 4.27578 4.23285 4.19244 4.15457 4.11921 4.08639 4.05608 4.02831 4.00306 3.98033 3.96013 3.94245 3.9273 3.91467 3.90457 3.897 3.89195 3.88942 3.88942 3.89195 3.897 3.90457 3.91467 3.9273 3.94245 3.96013 3.98033 4.00306 4.02831 4.05608 4.08639 4.11921 4.15457 4.19244 4.23285 4.27578 4.32123 4.36921 4.41971 4.47274 4.52829 4.58637 4.64698 4.71011 4.77576 4.84394 4.91465 4.98788 5.06363 5.14192 5.22272 5.30605 5.39191 5.48029 5.5712 5.66463 5.76059 5.85907 5.96008 6.06361 6.16967 6.27825 6.38936 6.50299 6.61915 6.73783 6.85904 6.98278 7.10904 7.23782 7.36913 7.50297 7.63933 7.77821 7.91962 8.06356 8.21002 8.35901 8.51052 8.66455 8.82112 8.9802 9.14181 9.30595 9.47261 9.6418 9.81351 9.98775 10.1645 10.3438 10.5256 10.71 10.8968 11.0862 11.2781 11.4726 11.6695 11.869 
11.7301 11.5306 11.3337 11.1392 10.9473 10.7579 10.5711 10.3867 10.2049 10.0256 9.84887 9.67463 9.50292 9.33373 9.16707 9.00293 8.84132 8.68223 8.52567 8.37163 8.22012 8.07113 7.92467 7.78074 7.63933 7.50044 7.36408 7.23025 7.09894 6.97015 6.84389 6.72016 6.59895 6.48027 6.36411 6.25047 6.13937 6.03078 5.92472 5.82119 5.72018 5.6217 5.52574 5.43231 5.34141 5.25302 5.16717 5.08384 5.00303 4.92475 4.84899 4.77576 4.70506 4.63688 4.57122 4.50809 4.44749 4.38941 4.33386 4.28083 4.23032 4.18234 4.13689 4.09396 4.05356 4.01568 3.98033 3.9475 3.9172 3.88942 3.86417 3.84144 3.82124 3.80357 3.78841 3.77579 3.76569 3.75811 3.75306 3.75054 3.75054 3.75306 3.75811 3.76569 3.77579 3.78841 3.80357 3.82124 3.84144 3.86417 3.88942 3.9172 3.9475 3.98033 4.01568 4.05356 4.09396 4.13689 4.18234 4.23032 4.28083 4.33386 4.38941 4.44749 4.50809 4.57122 4.63688 4.70506 4.77576 4.84899 4.92475 5.00303 5.08384 5.16717 5.25302 5.34141 5.43231 5.52574 5.6217 5.72018 5.82119 5.92472 6.03078 6.13937 6.25047 6.36411 6.48027 6.59895 6.72016 6.84389 6.97015 7.09894 7.23025 7.36408 7.50044 7.63933 7.78074 7.92467 8.07113 8.22012 8.37163 8.52567 8.68223 8.84132 9.00293 9.16707 9.33373 9.50292 9.67463 9.84887 10.0256 10.2049 10.3867 10.5711 10.7579 10.9473 11.1392 11.3337 11.5306 11.7301 
11.5938 11.3943 11.1973 11.0029 10.811 10.6216 10.4347 10.2504 10.0686 9.88927 9.71251 9.53827 9.36656 9.19737 9.03071 8.86657 8.70496 8.54587 8.38931 8.23527 8.08376 7.93477 7.78831 7.64438 7.50297 7.36408 7.22772 7.09389 6.96258 6.83379 6.70753 6.5838 6.46259 6.34391 6.22775 6.11411 6.003 5.89442 5.78836 5.68483 5.58382 5.48534 5.38938 5.29595 5.20505 5.11666 5.03081 4.94748 4.86667 4.78839 4.71263 4.6394 4.5687 4.50052 4.43486 4.37173 4.31113 4.25305 4.1975 4.14447 4.09396 4.04598 4.00053 3.9576 3.9172 3.87932 3.84397 3.81114 3.78084 3.75306 3.72781 3.70508 3.68488 3.66721 3.65205 3.63943 3.62933 3.62175 3.6167 3.61418 3.61418 3.6167 3.62175 3.62933 3.63943 3.65205 3.66721 3.68488 3.70508 3.72781 3.75306 3.78084 3.81114 3.84397 3.87932 3.9172 3.9576 4.00053 4.04598 4.09396 4.14447 4.1975 4.25305 4.31113 4.37173 4.43486 4.50052 4.5687 4.6394 4.71263 4.78839 4.86667 4.94748 5.03081 5.11666 5.20505 5.29595 5.38938 5.48534 5.58382 5.68483 5.78836 5.89442 6.003 6.11411 6.22775 6.34391 6.46259 6.5838 6.70753 6.83379 6.96258 7.09389 7.22772 7.36408 7.50297 7.64438 7.78831 7.93477 8.08376 8.23527 8.38931 8.54587 8.70496 8.86657 9.03071 9.19737 9.36656 9.53827 9.71251 9.88927 10.0686 10.2504 10.4347 10.6216 10.811 11.0029 11.1973 11.3943 11.5938 
11.4599 11.2604 11.0635 10.869 10.6771 10.4877 10.3009 10.1165 9.93472 9.75544 9.57867 9.40443 9.23272 9.06353 8.89687 8.73273 8.57112 8.41204 8.25547 8.10144 7.94993 7.80094 7.65448 7.51054 7.36913 7.23025 7.09389 6.96005 6.82874 6.69996 6.5737 6.44996 6.32875 6.21007 6.09391 5.98028 5.86917 5.76059 5.65453 5.551 5.44999 5.35151 5.25555 5.16212 5.07121 4.98283 4.89697 4.81364 4.73284 4.65455 4.5788 4.50557 4.43486 4.36668 4.30103 4.2379 4.17729 4.11921 4.06366 4.01063 3.96013 3.91215 3.8667 3.82377 3.78336 3.74549 3.71013 3.67731 3.647 3.61923 3.59397 3.57125 3.55105 3.53337 3.51822 3.50559 3.49549 3.48792 3.48287 3.48034 3.48034 3.48287 3.48792 3.49549 3.50559 3.51822 3.53337 3.55105 3.57125 3.59397 3.61923 3.647 3.67731 3.71013 3.74549 3.78336 3.82377 3.8667 3.91215 3.96013 4.01063 4.06366 4.11921 4.17729 4.2379 4.30103 4.36668 4.43486 4.50557 4.5788 4.65455 4.73284 4.81364 4.89697 4.98283 5.07121 5.16212 5.25555 5.35151 5.44999 5.551 5.65453 5.76059 5.86917 5.98028 6.09391 6.21007 6.32875 6.44996 6.5737 6.69996 6.82874 6.96005 7.09389 7.23025 7.36913 7.51054 7.65448 7.80094 7.94993 8.10144 8.25547 8.41204 8.57112 8.73273 8.89687 9.06353 9.23272 9.40443 9.57867 9.75544 9.93472 10.1165 10.3009 10.4877 10.6771 10.869 11.0635 11.2604 11.4599 
11.3286 11.1291 10.9322 10.7377 10.5458 10.3564 10.1696 9.98523 9.80341 9.62413 9.44736 9.27312 9.10141 8.93222 8.76556 8.60142 8.43981 8.28073 8.12416 7.97013 7.81862 7.66963 7.52317 7.37923 7.23782 7.09894 6.96258 6.82874 6.69743 6.56865 6.44239 6.31865 6.19744 6.07876 5.9626 5.84897 5.73786 5.62928 5.52322 5.41969 5.31868 5.2202 5.12424 5.03081 4.9399 4.85152 4.76566 4.68233 4.60153 4.52324 4.44749 4.37426 4.30355 4.23537 4.16972 4.10659 4.04598 3.9879 3.93235 3.87932 3.82882 3.78084 3.73539 3.69246 3.65205 3.61418 3.57882 3.546 3.51569 3.48792 3.46267 3.43994 3.41974 3.40206 3.38691 3.37428 3.36418 3.35661 3.35156 3.34903 3.34903 3.35156 3.35661 3.36418 3.37428 3.38691 3.40206 3.41974 3.43994 3.46267 3.48792 3.51569 3.546 3.57882 3.61418 3.65205 3.69246 3.73539 3.78084 3.82882 3.87932 3.93235 3.9879 4.04598 4.10659 4.16972 4.23537 4.30355 4.37426 4.44749 4.52324 4.60153 4.68233 4.76566 4.85152 4.9399 5.03081 5.12424 5.2202 5.31868 5.41969 5.52322 5.62928 5.73786 5.84897 5.9626 6.07876 6.19744 6.31865 6.44239 6.56865 6.69743 6.82874 6.96258 7.09894 7.23782 7.37923 7.52317 7.66963 7.81862 7.97013 8.12416 8.28073 8.43981 8.60142 8.76556 8.93222 9.10141 9.27312 9.44736 9.62413 9.80341 9.98523 10.1696 10.3564 10.5458 10.7377 10.9322 11.1291 11.3286 
11.1998 11.0004 10.8034 10.6089 10.417 10.2276 10.0408 9.85644 9.67463 9.49534 9.31858 9.14434 8.97263 8.80344 8.63678 8.47264 8.31103 8.15194 7.99538 7.84134 7.68983 7.54084 7.39438 7.25045 7.10904 6.97015 6.83379 6.69996 6.56865 6.43986 6.3136 6.18987 6.06866 5.94998 5.83382 5.72018 5.60908 5.50049 5.39443 5.2909 5.18989 5.09141 4.99545 4.90202 4.81112 4.72273 4.63688 4.55355 4.47274 4.39446 4.3187 4.24547 4.17477 4.10659 4.04093 3.9778 3.9172 3.85912 3.80357 3.75054 3.70003 3.65205 3.6066 3.56367 3.52327 3.48539 3.45004 3.41721 3.38691 3.35913 3.33388 3.31115 3.29095 3.27328 3.25812 3.2455 3.2354 3.22782 3.22277 3.22025 3.22025 3.22277 3.22782 3.2354 3.2455 3.25812 3.27328 3.29095 3.31115 3.33388 3.35913 3.38691 3.41721 3.45004 3.48539 3.52327 3.56367 3.6066 3.65205 3.70003 3.75054 3.80357 3.85912 3.9172 3.9778 4.04093 4.10659 4.17477 4.24547 4.3187 4.39446 4.47274 4.55355 4.63688 4.72273 4.81112 4.90202 4.99545 5.09141 5.18989 5.2909 5.39443 5.50049 5.60908 5.72018 5.83382 5.94998 6.06866 6.18987 6.3136 6.43986 6.56865 6.69996 6.83379 6.97015 7.10904 7.25045 7.39438 7.54084 7.68983 7.84134 7.99538 8.15194 8.31103 8.47264 8.63678 8.80344 8.97263 9.14434 9.31858 9.49534 9.67463 9.85644 10.0408 10.2276 10.417 10.6089 10.8034 11.0004 11.1998 
11.0736 10.8741 10.6771 10.4827 10.2908 10.1014 9.91452 9.73018 9.54837 9.36908 9.19232 9.01808 8.84637 8.67718 8.51052 8.34638 8.18477 8.02568 7.86912 7.71508 7.56357 7.41459 7.26812 7.12419 6.98278 6.84389 6.70753 6.5737 6.44239 6.3136 6.18734 6.06361 5.9424 5.82372 5.70756 5.59392 5.48282 5.37423 5.26818 5.16464 5.06363 4.96515 4.8692 4.77576 4.68486 4.59647 4.51062 4.42729 4.34648 4.2682 4.19244 4.11921 4.04851 3.98033 3.91467 3.85154 3.79094 3.73286 3.67731 3.62428 3.57377 3.52579 3.48034 3.43741 3.39701 3.35913 3.32378 3.29095 3.26065 3.23287 3.20762 3.18489 3.16469 3.14702 3.13187 3.11924 3.10914 3.10156 3.09651 3.09399 3.09399 3.09651 3.10156 3.10914 3.11924 3.13187 3.14702 3.16469 3.18489 3.20762 3.23287 3.26065 3.29095 3.32378 3.35913 3.39701 3.43741 3.48034 3.52579 3.57377 3.62428 3.67731 3.73286 3.79094 3.85154 3.91467 3.98033 4.04851 4.11921 4.19244 4.2682 4.34648 4.42729 4.51062 4.59647 4.68486 4.77576 4.8692 4.96515 5.06363 5.16464 5.26818 5.37423 5.48282 5.59392 5.70756 5.82372 5.9424 6.06361 6.18734 6.3136 6.44239 6.5737 6.70753 6.84389 6.98278 7.12419 7.26812 7.41459 7.56357 7.71508 7.86912 8.02568 8.18477 8.34638 8.51052 8.67718 8.84637 9.01808 9.19232 9.36908 9.54837 9.73018 9.91452 10.1014 10.2908 10.4827 10.6771 10.8741 11.0736 
