1 1 1
1 2 0.975004
1 3 0.950649
1 4 0.926935
1 5 0.903862
1 6 0.881429
1 7 0.859638
1 8 0.838487
1 9 0.817978
1 10 0.798109
1 11 0.778882
1 12 0.760295
1 13 0.742349
1 14 0.725044
1 15 0.70838
1 16 0.692357
1 17 0.676975
1 18 0.662234
1 19 0.648133
1 20 0.634674
1 21 0.621855
1 22 0.609678
1 23 0.598141
1 24 0.587246
1 25 0.576991
1 26 0.567377
1 27 0.558404
1 28 0.550072
1 29 0.542381
1 30 0.535331
1 31 0.528922
1 32 0.523153
1 33 0.518026
1 34 0.513539
1 35 0.509694
1 36 0.506489
1 37 0.503926
1 38 0.502003
1 39 0.500721
1 40 0.50008
1 41 0.50008
1 42 0.500721
1 43 0.502003
1 44 0.503926
1 45 0.506489
1 46 0.509694
1 47 0.513539
1 48 0.518026
1 49 0.523153
1 50 0.528922
1 51 0.535331
1 52 0.542381
1 53 0.550072
1 54 0.558404
1 55 0.567377
1 56 0.576991
1 57 0.587246
1 58 0.598141
1 59 0.609678
1 60 0.621855
1 61 0.634674
1 62 0.648133
1 63 0.662234
1 64 0.676975
1 65 0.692357
1 66 0.70838
1 67 0.725044
1 68 0.742349
1 69 0.760295
1 70 0.778882
1 71 0.798109
1 72 0.817978
1 73 0.838487
1 74 0.859638
1 75 0.881429
1 76 0.903862
1 77 0.926935
1 78 0.950649
1 79 0.975004
1 80 1
2 1 0.975004
2 2 0.950008
2 3 0.925653
2 4 0.901939
2 5 0.878866
2 6 0.856433
2 7 0.834642
2 8 0.813491
2 9 0.792982
2 10 0.773113
2 11 0.753886
2 12 0.735299
2 13 0.717353
2 14 0.700048
2 15 0.683384
2 16 0.667361
2 17 0.651979
2 18 0.637238
2 19 0.623137
2 20 0.609678
2 21 0.596859
2 22 0.584682
2 23 0.573145
2 24 0.56225
2 25 0.551995
2 26 0.542381
2 27 0.533408
2 28 0.525076
2 29 0.517385
2 30 0.510335
2 31 0.503926
2 32 0.498157
2 33 0.49303
2 34 0.488544
2 35 0.484698
2 36 0.481493
2 37 0.47893
2 38 0.477007
2 39 0.475725
2 40 0.475084
2 41 0.475084
2 42 0.475725
2 43 0.477007
2 44 0.47893
2 45 0.481493
2 46 0.484698
2 47 0.488544
2 48 0.49303
2 49 0.498157
2 50 0.503926
2 51 0.510335
2 52 0.517385
2 53 0.525076
2 54 0.533408
2 55 0.542381
2 56 0.551995
2 57 0.56225
2 58 0.573145
2 59 0.584682
2 60 0.596859
2 61 0.609678
2 62 0.623137
2 63 0.637238
2 64 0.651979
2 65 0.667361
2 66 0.683384
2 67 0.700048
2 68 0.717353
2 69 0.735299
2 70 0.753886
2 71 0.773113
2 72 0.792982
2 73 0.813491
2 74 0.834642
2 75 0.856433
2 76 0.878866
2 77 0.901939
2 78 0.925653
2 79 0.950008
2 80 0.975004
3 1 0.950649
3 2 0.925653
3 3 0.901298
3 4 0.877584
3 5 0.85451
3 6 0.832078
3 7 0.810287
3 8 0.789136
3 9 0.768627
3 10 0.748758
3 11 0.729531
3 12 0.710944
3 13 0.692998
3 14 0.675693
3 15 0.659029
3 16 0.643006
3 17 0.627624
3 18 0.612883
3 19 0.598782
3 20 0.585323
3 21 0.572504
3 22 0.560327
3 23 0.54879
3 24 0.537895
3 25 0.52764
3 26 0.518026
3 27 0.509053
3 28 0.500721
3 29 0.49303
3 30 0.48598
3 31 0.479571
3 32 0.473802
3 33 0.468675
3 34 0.464188
3 35 0.460343
3 36 0.457138
3 37 0.454575
3 38 0.452652
3 39 0.45137
3 40 0.450729
3 41 0.450729
3 42 0.45137
3 43 0.452652
3 44 0.454575
3 45 0.457138
3 46 0.460343
3 47 0.464188
3 48 0.468675
3 49 0.473802
3 50 0.479571
3 51 0.48598
3 52 0.49303
3 53 0.500721
3 54 0.509053
3 55 0.518026
3 56 0.52764
3 57 0.537895
3 58 0.54879
3 59 0.560327
3 60 0.572504
3 61 0.585323
3 62 0.598782
3 63 0.612883
3 64 0.627624
3 65 0.643006
3 66 0.659029
3 67 0.675693
3 68 0.692998
3 69 0.710944
3 70 0.729531
3 71 0.748758
3 72 0.768627
3 73 0.789136
3 74 0.810287
3 75 0.832078
3 76 0.85451
3 77 0.877584
3 78 0.901298
3 79 0.925653
3 80 0.950649
4 1 0.926935
4 2 0.901939
4 3 0.877584
4 4 0.85387
4 5 0.830796
4 6 0.808364
4 7 0.786573
4 8 0.765422
4 9 0.744913
4 10 0.725044
4 11 0.705816
4 12 0.68723
4 13 0.669284
4 14 0.651979
4 15 0.635315
4 16 0.619292
4 17 0.60391
4 18 0.589168
4 19 0.575068
4 20 0.561609
4 21 0.54879
4 22 0.536613
4 23 0.525076
4 24 0.51418
4 25 0.503926
4 26 0.494312
4 27 0.485339
4 28 0.477007
4 29 0.469316
4 30 0.462266
4 31 0.455856
4 32 0.450088
4 33 0.444961
4 34 0.440474
4 35 0.436629
4 36 0.433424
4 37 0.43086
4 38 0.428938
4 39 0.427656
4 40 0.427015
4 41 0.427015
4 42 0.427656
4 43 0.428938
4 44 0.43086
4 45 0.433424
4 46 0.436629
4 47 0.440474
4 48 0.444961
4 49 0.450088
4 50 0.455856
4 51 0.462266
4 52 0.469316
4 53 0.477007
4 54 0.485339
4 55 0.494312
4 56 0.503926
4 57 0.51418
4 58 0.525076
4 59 0.536613
4 60 0.54879
4 61 0.561609
4 62 0.575068
4 63 0.589168
4 64 0.60391
4 65 0.619292
4 66 0.635315
4 67 0.651979
4 68 0.669284
4 69 0.68723
4 70 0.705816
4 71 0.725044
4 72 0.744913
4 73 0.765422
4 74 0.786573
4 75 0.808364
4 76 0.830796
4 77 0.85387
4 78 0.877584
4 79 0.901939
4 80 0.926935
5 1 0.903862
5 2 0.878866
5 3 0.85451
5 4 0.830796
5 5 0.807723
5 6 0.785291
5 7 0.763499
5 8 0.742349
5 9 0.721839
5 10 0.701971
5 11 0.682743
5 12 0.664156
5 13 0.646211
5 14 0.628906
5 15 0.612242
5 16 0.596219
5 17 0.580836
5 18 0.566095
5 19 0.551995
5 20 0.538535
5 21 0.525717
5 22 0.513539
5 23 0.502003
5 24 0.491107
5 25 0.480852
5 26 0.471239
5 27 0.462266
5 28 0.453934
5 29 0.446243
5 30 0.439192
5 31 0.432783
5 32 0.427015
5 33 0.421888
5 34 0.417401
5 35 0.413556
5 36 0.410351
5 37 0.407787
5 38 0.405864
5 39 0.404583
5 40 0.403942
5 41 0.403942
5 42 0.404583
5 43 0.405864
5 44 0.407787
5 45 0.410351
5 46 0.413556
5 47 0.417401
5 48 0.421888
5 49 0.427015
5 50 0.432783
5 51 0.439192
5 52 0.446243
5 53 0.453934
5 54 0.462266
5 55 0.471239
5 56 0.480852
5 57 0.491107
5 58 0.502003
5 59 0.513539
5 60 0.525717
5 61 0.538535
5 62 0.551995
5 63 0.566095
5 64 0.580836
5 65 0.596219
5 66 0.612242
5 67 0.628906
5 68 0.646211
5 69 0.664156
5 70 0.682743
5 71 0.701971
5 72 0.721839
5 73 0.742349
5 74 0.763499
5 75 0.785291
5 76 0.807723
5 77 0.830796
5 78 0.85451
5 79 0.878866
5 80 0.903862
6 1 0.881429
6 2 0.856433
6 3 0.832078
6 4 0.808364
6 5 0.785291
6 6 0.762859
6 7 0.741067
6 8 0.719917
6 9 0.699407
6 10 0.679539
6 11 0.660311
6 12 0.641724
6 13 0.623778
6 14 0.606473
6 15 0.589809
6 16 0.573786
6 17 0.558404
6 18 0.543663
6 19 0.529563
6 20 0.516103
6 21 0.503285
6 22 0.491107
6 23 0.479571
6 24 0.468675
6 25 0.45842
6 26 0.448806
6 27 0.439833
6 28 0.431501
6 29 0.42381
6 30 0.41676
6 31 0.410351
6 32 0.404583
6 33 0.399455
6 34 0.394969
6 35 0.391123
6 36 0.387919
6 37 0.385355
6 38 0.383432
6 39 0.38215
6 40 0.381509
6 41 0.381509
6 42 0.38215
6 43 0.383432
6 44 0.385355
6 45 0.387919
6 46 0.391123
6 47 0.394969
6 48 0.399455
6 49 0.404583
6 50 0.410351
6 51 0.41676
6 52 0.42381
6 53 0.431501
6 54 0.439833
6 55 0.448806
6 56 0.45842
6 57 0.468675
6 58 0.479571
6 59 0.491107
6 60 0.503285
6 61 0.516103
6 62 0.529563
6 63 0.543663
6 64 0.558404
6 65 0.573786
6 66 0.589809
6 67 0.606473
6 68 0.623778
6 69 0.641724
6 70 0.660311
6 71 0.679539
6 72 0.699407
6 73 0.719917
6 74 0.741067
6 75 0.762859
6 76 0.785291
6 77 0.808364
6 78 0.832078
6 79 0.856433
6 80 0.881429
7 1 0.859638
7 2 0.834642
7 3 0.810287
7 4 0.786573
7 5 0.763499
7 6 0.741067
7 7 0.719276
7 8 0.698125
7 9 0.677616
7 10 0.657747
7 11 0.638519
7 12 0.619933
7 13 0.601987
7 14 0.584682
7 15 0.568018
7 16 0.551995
7 17 0.536613
7 18 0.521871
7 19 0.507771
7 20 0.494312
7 21 0.481493
7 22 0.469316
7 23 0.457779
7 24 0.446884
7 25 0.436629
7 26 0.427015
7 27 0.418042
7 28 0.40971
7 29 0.402019
7 30 0.394969
7 31 0.38856
7 32 0.382791
7 33 0.377664
7 34 0.373177
7 35 0.369332
7 36 0.366127
7 37 0.363564
7 38 0.361641
7 39 0.360359
7 40 0.359718
7 41 0.359718
7 42 0.360359
7 43 0.361641
7 44 0.363564
7 45 0.366127
7 46 0.369332
7 47 0.373177
7 48 0.377664
7 49 0.382791
7 50 0.38856
7 51 0.394969
7 52 0.402019
7 53 0.40971
7 54 0.418042
7 55 0.427015
7 56 0.436629
7 57 0.446884
7 58 0.457779
7 59 0.469316
7 60 0.481493
7 61 0.494312
7 62 0.507771
7 63 0.521871
7 64 0.536613
7 65 0.551995
7 66 0.568018
7 67 0.584682
7 68 0.601987
7 69 0.619933
7 70 0.638519
7 71 0.657747
7 72 0.677616
7 73 0.698125
7 74 0.719276
7 75 0.741067
7 76 0.763499
7 77 0.786573
7 78 0.810287
7 79 0.834642
7 80 0.859638
8 1 0.838487
8 2 0.813491
8 3 0.789136
8 4 0.765422
8 5 0.742349
8 6 0.719917
8 7 0.698125
8 8 0.676975
8 9 0.656465
8 10 0.636597
8 11 0.617369
8 12 0.598782
8 13 0.580836
8 14 0.563531
8 15 0.546867
8 16 0.530844
8 17 0.515462
8 18 0.500721
8 19 0.486621
8 20 0.473161
8 21 0.460343
8 22 0.448165
8 23 0.436629
8 24 0.425733
8 25 0.415478
8 26 0.405864
8 27 0.396892
8 28 0.38856
8 29 0.380868
8 30 0.373818
8 31 0.367409
8 32 0.361641
8 33 0.356513
8 34 0.352027
8 35 0.348181
8 36 0.344977
8 37 0.342413
8 38 0.34049
8 39 0.339208
8 40 0.338568
8 41 0.338568
8 42 0.339208
8 43 0.34049
8 44 0.342413
8 45 0.344977
8 46 0.348181
8 47 0.352027
8 48 0.356513
8 49 0.361641
8 50 0.367409
8 51 0.373818
8 52 0.380868
8 53 0.38856
8 54 0.396892
8 55 0.405864
8 56 0.415478
8 57 0.425733
8 58 0.436629
8 59 0.448165
8 60 0.460343
8 61 0.473161
8 62 0.486621
8 63 0.500721
8 64 0.515462
8 65 0.530844
8 66 0.546867
8 67 0.563531
8 68 0.580836
8 69 0.598782
8 70 0.617369
8 71 0.636597
8 72 0.656465
8 73 0.676975
8 74 0.698125
8 75 0.719917
8 76 0.742349
8 77 0.765422
8 78 0.789136
8 79 0.813491
8 80 0.838487
9 1 0.817978
9 2 0.792982
9 3 0.768627
9 4 0.744913
9 5 0.721839
9 6 0.699407
9 7 0.677616
9 8 0.656465
9 9 0.635956
9 10 0.616087
9 11 0.596859
9 12 0.578273
9 13 0.560327
9 14 0.543022
9 15 0.526358
9 16 0.510335
9 17 0.494953
9 18 0.480212
9 19 0.466111
9 20 0.452652
9 21 0.439833
9 22 0.427656
9 23 0.416119
9 24 0.405224
9 25 0.394969
9 26 0.385355
9 27 0.376382
9 28 0.36805
9 29 0.360359
9 30 0.353309
9 31 0.3469
9 32 0.341131
9 33 0.336004
9 34 0.331517
9 35 0.327672
9 36 0.324467
9 37 0.321904
9 38 0.319981
9 39 0.318699
9 40 0.318058
9 41 0.318058
9 42 0.318699
9 43 0.319981
9 44 0.321904
9 45 0.324467
9 46 0.327672
9 47 0.331517
9 48 0.336004
9 49 0.341131
9 50 0.3469
9 51 0.353309
9 52 0.360359
9 53 0.36805
9 54 0.376382
9 55 0.385355
9 56 0.394969
9 57 0.405224
9 58 0.416119
9 59 0.427656
9 60 0.439833
9 61 0.452652
9 62 0.466111
9 63 0.480212
9 64 0.494953
9 65 0.510335
9 66 0.526358
9 67 0.543022
9 68 0.560327
9 69 0.578273
9 70 0.596859
9 71 0.616087
9 72 0.635956
9 73 0.656465
9 74 0.677616
9 75 0.699407
9 76 0.721839
9 77 0.744913
9 78 0.768627
9 79 0.792982
9 80 0.817978
10 1 0.798109
10 2 0.773113
10 3 0.748758
10 4 0.725044
10 5 0.701971
10 6 0.679539
10 7 0.657747
10 8 0.636597
10 9 0.616087
10 10 0.596219
10 11 0.576991
10 12 0.558404
10 13 0.540458
10 14 0.523153
10 15 0.506489
10 16 0.490466
10 17 0.475084
10 18 0.460343
10 19 0.446243
10 20 0.432783
10 21 0.419965
10 22 0.407787
10 23 0.396251
10 24 0.385355
10 25 0.3751
10 26 0.365486
10 27 0.356513
10 28 0.348181
10 29 0.34049
10 30 0.33344
10 31 0.327031
10 32 0.321263
10 33 0.316135
10 34 0.311649
10 35 0.307803
10 36 0.304599
10 37 0.302035
10 38 0.300112
10 39 0.29883
10 40 0.298189
10 41 0.298189
10 42 0.29883
10 43 0.300112
10 44 0.302035
10 45 0.304599
10 46 0.307803
10 47 0.311649
10 48 0.316135
10 49 0.321263
10 50 0.327031
10 51 0.33344
10 52 0.34049
10 53 0.348181
10 54 0.356513
10 55 0.365486
10 56 0.3751
10 57 0.385355
10 58 0.396251
10 59 0.407787
10 60 0.419965
10 61 0.432783
10 62 0.446243
10 63 0.460343
10 64 0.475084
10 65 0.490466
10 66 0.506489
10 67 0.523153
10 68 0.540458
10 69 0.558404
10 70 0.576991
10 71 0.596219
10 72 0.616087
10 73 0.636597
10 74 0.657747
10 75 0.679539
10 76 0.701971
10 77 0.725044
10 78 0.748758
10 79 0.773113
10 80 0.798109
11 1 0.778882
11 2 0.753886
11 3 0.729531
11 4 0.705816
11 5 0.682743
11 6 0.660311
11 7 0.638519
11 8 0.617369
11 9 0.596859
11 10 0.576991
11 11 0.557763
11 12 0.539176
11 13 0.521231
11 14 0.503926
11 15 0.487262
11 16 0.471239
11 17 0.455856
11 18 0.441115
11 19 0.427015
11 20 0.413556
11 21 0.400737
11 22 0.38856
11 23 0.377023
11 24 0.366127
11 25 0.355872
11 26 0.346259
11 27 0.337286
11 28 0.328954
11 29 0.321263
11 30 0.314212
11 31 0.307803
11 32 0.302035
11 33 0.296908
11 34 0.292421
11 35 0.288576
11 36 0.285371
11 37 0.282807
11 38 0.280884
11 39 0.279603
11 40 0.278962
11 41 0.278962
11 42 0.279603
11 43 0.280884
11 44 0.282807
11 45 0.285371
11 46 0.288576
11 47 0.292421
11 48 0.296908
11 49 0.302035
11 50 0.307803
11 51 0.314212
11 52 0.321263
11 53 0.328954
11 54 0.337286
11 55 0.346259
11 56 0.355872
11 57 0.366127
11 58 0.377023
11 59 0.38856
11 60 0.400737
11 61 0.413556
11 62 0.427015
11 63 0.441115
11 64 0.455856
11 65 0.471239
11 66 0.487262
11 67 0.503926
11 68 0.521231
11 69 0.539176
11 70 0.557763
11 71 0.576991
11 72 0.596859
11 73 0.617369
11 74 0.638519
11 75 0.660311
11 76 0.682743
11 77 0.705816
11 78 0.729531
11 79 0.753886
11 80 0.778882
12 1 0.760295
12 2 0.735299
12 3 0.710944
12 4 0.68723
12 5 0.664156
12 6 0.641724
12 7 0.619933
12 8 0.598782
12 9 0.578273
12 10 0.558404
12 11 0.539176
12 12 0.52059
12 13 0.502644
12 14 0.485339
12 15 0.468675
12 16 0.452652
12 17 0.43727
12 18 0.422528
12 19 0.408428
12 20 0.394969
12 21 0.38215
12 22 0.369973
12 23 0.358436
12 24 0.34754
12 25 0.337286
12 26 0.327672
12 27 0.318699
12 28 0.310367
12 29 0.302676
12 30 0.295626
12 31 0.289216
12 32 0.283448
12 33 0.278321
12 34 0.273834
12 35 0.269989
12 36 0.266784
12 37 0.26422
12 38 0.262298
12 39 0.261016
12 40 0.260375
12 41 0.260375
12 42 0.261016
12 43 0.262298
12 44 0.26422
12 45 0.266784
12 46 0.269989
12 47 0.273834
12 48 0.278321
12 49 0.283448
12 50 0.289216
12 51 0.295626
12 52 0.302676
12 53 0.310367
12 54 0.318699
12 55 0.327672
12 56 0.337286
12 57 0.34754
12 58 0.358436
12 59 0.369973
12 60 0.38215
12 61 0.394969
12 62 0.408428
12 63 0.422528
12 64 0.43727
12 65 0.452652
12 66 0.468675
12 67 0.485339
12 68 0.502644
12 69 0.52059
12 70 0.539176
12 71 0.558404
12 72 0.578273
12 73 0.598782
12 74 0.619933
12 75 0.641724
12 76 0.664156
12 77 0.68723
12 78 0.710944
12 79 0.735299
12 80 0.760295
13 1 0.742349
13 2 0.717353
13 3 0.692998
13 4 0.669284
13 5 0.646211
13 6 0.623778
13 7 0.601987
13 8 0.580836
13 9 0.560327
13 10 0.540458
13 11 0.521231
13 12 0.502644
13 13 0.484698
13 14 0.467393
13 15 0.450729
13 16 0.434706
13 17 0.419324
13 18 0.404583
13 19 0.390482
13 20 0.377023
13 21 0.364204
13 22 0.352027
13 23 0.34049
13 24 0.329595
13 25 0.31934
13 26 0.309726
13 27 0.300753
13 28 0.292421
13 29 0.28473
13 30 0.27768
13 31 0.271271
13 32 0.265502
13 33 0.260375
13 34 0.255888
13 35 0.252043
13 36 0.248838
13 37 0.246275
13 38 0.244352
13 39 0.24307
13 40 0.242429
13 41 0.242429
13 42 0.24307
13 43 0.244352
13 44 0.246275
13 45 0.248838
13 46 0.252043
13 47 0.255888
13 48 0.260375
13 49 0.265502
13 50 0.271271
13 51 0.27768
13 52 0.28473
13 53 0.292421
13 54 0.300753
13 55 0.309726
13 56 0.31934
13 57 0.329595
13 58 0.34049
13 59 0.352027
13 60 0.364204
13 61 0.377023
13 62 0.390482
13 63 0.404583
13 64 0.419324
13 65 0.434706
13 66 0.450729
13 67 0.467393
13 68 0.484698
13 69 0.502644
13 70 0.521231
13 71 0.540458
13 72 0.560327
13 73 0.580836
13 74 0.601987
13 75 0.623778
13 76 0.646211
13 77 0.669284
13 78 0.692998
13 79 0.717353
13 80 0.742349
14 1 0.725044
14 2 0.700048
14 3 0.675693
14 4 0.651979
14 5 0.628906
14 6 0.606473
14 7 0.584682
14 8 0.563531
14 9 0.543022
14 10 0.523153
14 11 0.503926
14 12 0.485339
14 13 0.467393
14 14 0.450088
14 15 0.433424
14 16 0.417401
14 17 0.402019
14 18 0.387278
14 19 0.373177
14 20 0.359718
14 21 0.3469
14 22 0.334722
14 23 0.323185
14 24 0.31229
14 25 0.302035
14 26 0.292421
14 27 0.283448
14 28 0.275116
14 29 0.267425
14 30 0.260375
14 31 0.253966
14 32 0.248197
14 33 0.24307
14 34 0.238584
14 35 0.234738
14 36 0.231533
14 37 0.22897
14 38 0.227047
14 39 0.225765
14 40 0.225124
14 41 0.225124
14 42 0.225765
14 43 0.227047
14 44 0.22897
14 45 0.231533
14 46 0.234738
14 47 0.238584
14 48 0.24307
14 49 0.248197
14 50 0.253966
14 51 0.260375
14 52 0.267425
14 53 0.275116
14 54 0.283448
14 55 0.292421
14 56 0.302035
14 57 0.31229
14 58 0.323185
14 59 0.334722
14 60 0.3469
14 61 0.359718
14 62 0.373177
14 63 0.387278
14 64 0.402019
14 65 0.417401
14 66 0.433424
14 67 0.450088
14 68 0.467393
14 69 0.485339
14 70 0.503926
14 71 0.523153
14 72 0.543022
14 73 0.563531
14 74 0.584682
14 75 0.606473
14 76 0.628906
14 77 0.651979
14 78 0.675693
14 79 0.700048
14 80 0.725044
15 1 0.70838
15 2 0.683384
15 3 0.659029
15 4 0.635315
15 5 0.612242
15 6 0.589809
15 7 0.568018
15 8 0.546867
15 9 0.526358
15 10 0.506489
15 11 0.487262
15 12 0.468675
15 13 0.450729
15 14 0.433424
15 15 0.41676
15 16 0.400737
15 17 0.385355
15 18 0.370614
15 19 0.356513
15 20 0.343054
15 21 0.330236
15 22 0.318058
15 23 0.306521
15 24 0.295626
15 25 0.285371
15 26 0.275757
15 27 0.266784
15 28 0.258452
15 29 0.250761
15 30 0.243711
15 31 0.237302
15 32 0.231533
15 33 0.226406
15 34 0.22192
15 35 0.218074
15 36 0.214869
15 37 0.212306
15 38 0.210383
15 39 0.209101
15 40 0.20846
15 41 0.20846
15 42 0.209101
15 43 0.210383
15 44 0.212306
15 45 0.214869
15 46 0.218074
15 47 0.22192
15 48 0.226406
15 49 0.231533
15 50 0.237302
15 51 0.243711
15 52 0.250761
15 53 0.258452
15 54 0.266784
15 55 0.275757
15 56 0.285371
15 57 0.295626
15 58 0.306521
15 59 0.318058
15 60 0.330236
15 61 0.343054
15 62 0.356513
15 63 0.370614
15 64 0.385355
15 65 0.400737
15 66 0.41676
15 67 0.433424
15 68 0.450729
15 69 0.468675
15 70 0.487262
15 71 0.506489
15 72 0.526358
15 73 0.546867
15 74 0.568018
15 75 0.589809
15 76 0.612242
15 77 0.635315
15 78 0.659029
15 79 0.683384
15 80 0.70838
16 1 0.692357
16 2 0.667361
16 3 0.643006
16 4 0.619292
16 5 0.596219
16 6 0.573786
16 7 0.551995
16 8 0.530844
16 9 0.510335
16 10 0.490466
16 11 0.471239
16 12 0.452652
16 13 0.434706
16 14 0.417401
16 15 0.400737
16 16 0.384714
16 17 0.369332
16 18 0.354591
16 19 0.34049
16 20 0.327031
16 21 0.314212
16 22 0.302035
16 23 0.290498
16 24 0.279603
16 25 0.269348
16 26 0.259734
16 27 0.250761
16 28 0.242429
16 29 0.234738
16 30 0.227688
16 31 0.221279
16 32 0.21551
16 33 0.210383
16 34 0.205896
16 35 0.202051
16 36 0.198846
16 37 0.196283
16 38 0.19436
16 39 0.193078
16 40 0.192437
16 41 0.192437
16 42 0.193078
16 43 0.19436
16 44 0.196283
16 45 0.198846
16 46 0.202051
16 47 0.205896
16 48 0.210383
16 49 0.21551
16 50 0.221279
16 51 0.227688
16 52 0.234738
16 53 0.242429
16 54 0.250761
16 55 0.259734
16 56 0.269348
16 57 0.279603
16 58 0.290498
16 59 0.302035
16 60 0.314212
16 61 0.327031
16 62 0.34049
16 63 0.354591
16 64 0.369332
16 65 0.384714
16 66 0.400737
16 67 0.417401
16 68 0.434706
16 69 0.452652
16 70 0.471239
16 71 0.490466
16 72 0.510335
16 73 0.530844
16 74 0.551995
16 75 0.573786
16 76 0.596219
16 77 0.619292
16 78 0.643006
16 79 0.667361
16 80 0.692357
17 1 0.676975
17 2 0.651979
17 3 0.627624
17 4 0.60391
17 5 0.580836
17 6 0.558404
17 7 0.536613
17 8 0.515462
17 9 0.494953
17 10 0.475084
17 11 0.455856
17 12 0.43727
17 13 0.419324
17 14 0.402019
17 15 0.385355
17 16 0.369332
17 17 0.35395
17 18 0.339208
17 19 0.325108
17 20 0.311649
17 21 0.29883
17 22 0.286653
17 23 0.275116
17 24 0.26422
17 25 0.253966
17 26 0.244352
17 27 0.235379
17 28 0.227047
17 29 0.219356
17 30 0.212306
17 31 0.205896
17 32 0.200128
17 33 0.195001
17 34 0.190514
17 35 0.186669
17 36 0.183464
17 37 0.1809
17 38 0.178978
17 39 0.177696
17 40 0.177055
17 41 0.177055
17 42 0.177696
17 43 0.178978
17 44 0.1809
17 45 0.183464
17 46 0.186669
17 47 0.190514
17 48 0.195001
17 49 0.200128
17 50 0.205896
17 51 0.212306
17 52 0.219356
17 53 0.227047
17 54 0.235379
17 55 0.244352
17 56 0.253966
17 57 0.26422
17 58 0.275116
17 59 0.286653
17 60 0.29883
17 61 0.311649
17 62 0.325108
17 63 0.339208
17 64 0.35395
17 65 0.369332
17 66 0.385355
17 67 0.402019
17 68 0.419324
17 69 0.43727
17 70 0.455856
17 71 0.475084
17 72 0.494953
17 73 0.515462
17 74 0.536613
17 75 0.558404
17 76 0.580836
17 77 0.60391
17 78 0.627624
17 79 0.651979
17 80 0.676975
18 1 0.662234
18 2 0.637238
18 3 0.612883
18 4 0.589168
18 5 0.566095
18 6 0.543663
18 7 0.521871
18 8 0.500721
18 9 0.480212
18 10 0.460343
18 11 0.441115
18 12 0.422528
18 13 0.404583
18 14 0.387278
18 15 0.370614
18 16 0.354591
18 17 0.339208
18 18 0.324467
18 19 0.310367
18 20 0.296908
18 21 0.284089
18 22 0.271912
18 23 0.260375
18 24 0.249479
18 25 0.239224
18 26 0.229611
18 27 0.220638
18 28 0.212306
18 29 0.204615
18 30 0.197564
18 31 0.191155
18 32 0.185387
18 33 0.18026
18 34 0.175773
18 35 0.171928
18 36 0.168723
18 37 0.166159
18 38 0.164237
18 39 0.162955
18 40 0.162314
18 41 0.162314
18 42 0.162955
18 43 0.164237
18 44 0.166159
18 45 0.168723
18 46 0.171928
18 47 0.175773
18 48 0.18026
18 49 0.185387
18 50 0.191155
18 51 0.197564
18 52 0.204615
18 53 0.212306
18 54 0.220638
18 55 0.229611
18 56 0.239224
18 57 0.249479
18 58 0.260375
18 59 0.271912
18 60 0.284089
18 61 0.296908
18 62 0.310367
18 63 0.324467
18 64 0.339208
18 65 0.354591
18 66 0.370614
18 67 0.387278
18 68 0.404583
18 69 0.422528
18 70 0.441115
18 71 0.460343
18 72 0.480212
18 73 0.500721
18 74 0.521871
18 75 0.543663
18 76 0.566095
18 77 0.589168
18 78 0.612883
18 79 0.637238
18 80 0.662234
19 1 0.648133
19 2 0.623137
19 3 0.598782
19 4 0.575068
19 5 0.551995
19 6 0.529563
19 7 0.507771
19 8 0.486621
19 9 0.466111
19 10 0.446243
19 11 0.427015
19 12 0.408428
19 13 0.390482
19 14 0.373177
19 15 0.356513
19 16 0.34049
19 17 0.325108
19 18 0.310367
19 19 0.296267
19 20 0.282807
19 21 0.269989
19 22 0.257811
19 23 0.246275
19 24 0.235379
19 25 0.225124
19 26 0.21551
19 27 0.206537
19 28 0.198205
19 29 0.190514
19 30 0.183464
19 31 0.177055
19 32 0.171287
19 33 0.166159
19 34 0.161673
19 35 0.157827
19 36 0.154623
19 37 0.152059
19 38 0.150136
19 39 0.148854
19 40 0.148213
19 41 0.148213
19 42 0.148854
19 43 0.150136
19 44 0.152059
19 45 0.154623
19 46 0.157827
19 47 0.161673
19 48 0.166159
19 49 0.171287
19 50 0.177055
19 51 0.183464
19 52 0.190514
19 53 0.198205
19 54 0.206537
19 55 0.21551
19 56 0.225124
19 57 0.235379
19 58 0.246275
19 59 0.257811
19 60 0.269989
19 61 0.282807
19 62 0.296267
19 63 0.310367
19 64 0.325108
19 65 0.34049
19 66 0.356513
19 67 0.373177
19 68 0.390482
19 69 0.408428
19 70 0.427015
19 71 0.446243
19 72 0.466111
19 73 0.486621
19 74 0.507771
19 75 0.529563
19 76 0.551995
19 77 0.575068
19 78 0.598782
19 79 0.623137
19 80 0.648133
20 1 0.634674
20 2 0.609678
20 3 0.585323
20 4 0.561609
20 5 0.538535
20 6 0.516103
20 7 0.494312
20 8 0.473161
20 9 0.452652
20 10 0.432783
20 11 0.413556
20 12 0.394969
20 13 0.377023
20 14 0.359718
20 15 0.343054
20 16 0.327031
20 17 0.311649
20 18 0.296908
20 19 0.282807
20 20 0.269348
20 21 0.256529
20 22 0.244352
20 23 0.232815
20 24 0.22192
20 25 0.211665
20 26 0.202051
20 27 0.193078
20 28 0.184746
20 29 0.177055
20 30 0.170005
20 31 0.163596
20 32 0.157827
20 33 0.1527
20 34 0.148213
20 35 0.144368
20 36 0.141163
20 37 0.1386
20 38 0.136677
20 39 0.135395
20 40 0.134754
20 41 0.134754
20 42 0.135395
20 43 0.136677
20 44 0.1386
20 45 0.141163
20 46 0.144368
20 47 0.148213
20 48 0.1527
20 49 0.157827
20 50 0.163596
20 51 0.170005
20 52 0.177055
20 53 0.184746
20 54 0.193078
20 55 0.202051
20 56 0.211665
20 57 0.22192
20 58 0.232815
20 59 0.244352
20 60 0.256529
20 61 0.269348
20 62 0.282807
20 63 0.296908
20 64 0.311649
20 65 0.327031
20 66 0.343054
20 67 0.359718
20 68 0.377023
20 69 0.394969
20 70 0.413556
20 71 0.432783
20 72 0.452652
20 73 0.473161
20 74 0.494312
20 75 0.516103
20 76 0.538535
20 77 0.561609
20 78 0.585323
20 79 0.609678
20 80 0.634674
21 1 0.621855
21 2 0.596859
21 3 0.572504
21 4 0.54879
21 5 0.525717
21 6 0.503285
21 7 0.481493
21 8 0.460343
21 9 0.439833
21 10 0.419965
21 11 0.400737
21 12 0.38215
21 13 0.364204
21 14 0.3469
21 15 0.330236
21 16 0.314212
21 17 0.29883
21 18 0.284089
21 19 0.269989
21 20 0.256529
21 21 0.243711
21 22 0.231533
21 23 0.219997
21 24 0.209101
21 25 0.198846
21 26 0.189232
21 27 0.18026
21 28 0.171928
21 29 0.164237
21 30 0.157186
21 31 0.150777
21 32 0.145009
21 33 0.139881
21 34 0.135395
21 35 0.131549
21 36 0.128345
21 37 0.125781
21 38 0.123858
21 39 0.122577
21 40 0.121936
21 41 0.121936
21 42 0.122577
21 43 0.123858
21 44 0.125781
21 45 0.128345
21 46 0.131549
21 47 0.135395
21 48 0.139881
21 49 0.145009
21 50 0.150777
21 51 0.157186
21 52 0.164237
21 53 0.171928
21 54 0.18026
21 55 0.189232
21 56 0.198846
21 57 0.209101
21 58 0.219997
21 59 0.231533
21 60 0.243711
21 61 0.256529
21 62 0.269989
21 63 0.284089
21 64 0.29883
21 65 0.314212
21 66 0.330236
21 67 0.3469
21 68 0.364204
21 69 0.38215
21 70 0.400737
21 71 0.419965
21 72 0.439833
21 73 0.460343
21 74 0.481493
21 75 0.503285
21 76 0.525717
21 77 0.54879
21 78 0.572504
21 79 0.596859
21 80 0.621855
22 1 0.609678
22 2 0.584682
22 3 0.560327
22 4 0.536613
22 5 0.513539
22 6 0.491107
22 7 0.469316
22 8 0.448165
22 9 0.427656
22 10 0.407787
22 11 0.38856
22 12 0.369973
22 13 0.352027
22 14 0.334722
22 15 0.318058
22 16 0.302035
22 17 0.286653
22 18 0.271912
22 19 0.257811
22 20 0.244352
22 21 0.231533
22 22 0.219356
22 23 0.207819
22 24 0.196924
22 25 0.186669
22 26 0.177055
22 27 0.168082
22 28 0.15975
22 29 0.152059
22 30 0.145009
22 31 0.1386
22 32 0.132831
22 33 0.127704
22 34 0.123217
22 35 0.119372
22 36 0.116167
22 37 0.113604
22 38 0.111681
22 39 0.110399
22 40 0.109758
22 41 0.109758
22 42 0.110399
22 43 0.111681
22 44 0.113604
22 45 0.116167
22 46 0.119372
22 47 0.123217
22 48 0.127704
22 49 0.132831
22 50 0.1386
22 51 0.145009
22 52 0.152059
22 53 0.15975
22 54 0.168082
22 55 0.177055
22 56 0.186669
22 57 0.196924
22 58 0.207819
22 59 0.219356
22 60 0.231533
22 61 0.244352
22 62 0.257811
22 63 0.271912
22 64 0.286653
22 65 0.302035
22 66 0.318058
22 67 0.334722
22 68 0.352027
22 69 0.369973
22 70 0.38856
22 71 0.407787
22 72 0.427656
22 73 0.448165
22 74 0.469316
22 75 0.491107
22 76 0.513539
22 77 0.536613
22 78 0.560327
22 79 0.584682
22 80 0.609678
23 1 0.598141
23 2 0.573145
23 3 0.54879
23 4 0.525076
23 5 0.502003
23 6 0.479571
23 7 0.457779
23 8 0.436629
23 9 0.416119
23 10 0.396251
23 11 0.377023
23 12 0.358436
23 13 0.34049
23 14 0.323185
23 15 0.306521
23 16 0.290498
23 17 0.275116
23 18 0.260375
23 19 0.246275
23 20 0.232815
23 21 0.219997
23 22 0.207819
23 23 0.196283
23 24 0.185387
23 25 0.175132
23 26 0.165518
23 27 0.156545
23 28 0.148213
23 29 0.140522
23 30 0.133472
23 31 0.127063
23 32 0.121295
23 33 0.116167
23 34 0.111681
23 35 0.107835
23 36 0.104631
23 37 0.102067
23 38 0.100144
23 39 0.0988624
23 40 0.0982214
23 41 0.0982214
23 42 0.0988624
23 43 0.100144
23 44 0.102067
23 45 0.104631
23 46 0.107835
23 47 0.111681
23 48 0.116167
23 49 0.121295
23 50 0.127063
23 51 0.133472
23 52 0.140522
23 53 0.148213
23 54 0.156545
23 55 0.165518
23 56 0.175132
23 57 0.185387
23 58 0.196283
23 59 0.207819
23 60 0.219997
23 61 0.232815
23 62 0.246275
23 63 0.260375
23 64 0.275116
23 65 0.290498
23 66 0.306521
23 67 0.323185
23 68 0.34049
23 69 0.358436
23 70 0.377023
23 71 0.396251
23 72 0.416119
23 73 0.436629
23 74 0.457779
23 75 0.479571
23 76 0.502003
23 77 0.525076
23 78 0.54879
23 79 0.573145
23 80 0.598141
24 1 0.587246
24 2 0.56225
24 3 0.537895
24 4 0.51418
24 5 0.491107
24 6 0.468675
24 7 0.446884
24 8 0.425733
24 9 0.405224
24 10 0.385355
24 11 0.366127
24 12 0.34754
24 13 0.329595
24 14 0.31229
24 15 0.295626
24 16 0.279603
24 17 0.26422
24 18 0.249479
24 19 0.235379
24 20 0.22192
24 21 0.209101
24 22 0.196924
24 23 0.185387
24 24 0.174491
24 25 0.164237
24 26 0.154623
24 27 0.14565
24 28 0.137318
24 29 0.129627
24 30 0.122577
24 31 0.116167
24 32 0.110399
24 33 0.105272
24 34 0.100785
24 35 0.0969396
24 36 0.093735
24 37 0.0911713
24 38 0.0892485
24 39 0.0879667
24 40 0.0873257
24 41 0.0873257
24 42 0.0879667
24 43 0.0892485
24 44 0.0911713
24 45 0.093735
24 46 0.0969396
24 47 0.100785
24 48 0.105272
24 49 0.110399
24 50 0.116167
24 51 0.122577
24 52 0.129627
24 53 0.137318
24 54 0.14565
24 55 0.154623
24 56 0.164237
24 57 0.174491
24 58 0.185387
24 59 0.196924
24 60 0.209101
24 61 0.22192
24 62 0.235379
24 63 0.249479
24 64 0.26422
24 65 0.279603
24 66 0.295626
24 67 0.31229
24 68 0.329595
24 69 0.34754
24 70 0.366127
24 71 0.385355
24 72 0.405224
24 73 0.425733
24 74 0.446884
24 75 0.468675
24 76 0.491107
24 77 0.51418
24 78 0.537895
24 79 0.56225
24 80 0.587246
25 1 0.576991
25 2 0.551995
25 3 0.52764
25 4 0.503926
25 5 0.480852
25 6 0.45842
25 7 0.436629
25 8 0.415478
25 9 0.394969
25 10 0.3751
25 11 0.355872
25 12 0.337286
25 13 0.31934
25 14 0.302035
25 15 0.285371
25 16 0.269348
25 17 0.253966
25 18 0.239224
25 19 0.225124
25 20 0.211665
25 21 0.198846
25 22 0.186669
25 23 0.175132
25 24 0.164237
25 25 0.153982
25 26 0.144368
25 27 0.135395
25 28 0.127063
25 29 0.119372
25 30 0.112322
25 31 0.105913
25 32 0.100144
25 33 0.0950168
25 34 0.0905304
25 35 0.0866848
25 36 0.0834802
25 37 0.0809165
25 38 0.0789938
25 39 0.0777119
25 40 0.077071
25 41 0.077071
25 42 0.0777119
25 43 0.0789938
25 44 0.0809165
25 45 0.0834802
25 46 0.0866848
25 47 0.0905304
25 48 0.0950168
25 49 0.100144
25 50 0.105913
25 51 0.112322
25 52 0.119372
25 53 0.127063
25 54 0.135395
25 55 0.144368
25 56 0.153982
25 57 0.164237
25 58 0.175132
25 59 0.186669
25 60 0.198846
25 61 0.211665
25 62 0.225124
25 63 0.239224
25 64 0.253966
25 65 0.269348
25 66 0.285371
25 67 0.302035
25 68 0.31934
25 69 0.337286
25 70 0.355872
25 71 0.3751
25 72 0.394969
25 73 0.415478
25 74 0.436629
25 75 0.45842
25 76 0.480852
25 77 0.503926
25 78 0.52764
25 79 0.551995
25 80 0.576991
26 1 0.567377
26 2 0.542381
26 3 0.518026
26 4 0.494312
26 5 0.471239
26 6 0.448806
26 7 0.427015
26 8 0.405864
26 9 0.385355
26 10 0.365486
26 11 0.346259
26 12 0.327672
26 13 0.309726
26 14 0.292421
26 15 0.275757
26 16 0.259734
26 17 0.244352
26 18 0.229611
26 19 0.21551
26 20 0.202051
26 21 0.189232
26 22 0.177055
26 23 0.165518
26 24 0.154623
26 25 0.144368
26 26 0.134754
26 27 0.125781
26 28 0.117449
26 29 0.109758
26 30 0.102708
26 31 0.0962987
26 32 0.0905304
26 33 0.085403
26 34 0.0809165
26 35 0.077071
26 36 0.0738664
26 37 0.0713027
26 38 0.0693799
26 39 0.0680981
26 40 0.0674571
26 41 0.0674571
26 42 0.0680981
26 43 0.0693799
26 44 0.0713027
26 45 0.0738664
26 46 0.077071
26 47 0.0809165
26 48 0.085403
26 49 0.0905304
26 50 0.0962987
26 51 0.102708
26 52 0.109758
26 53 0.117449
26 54 0.125781
26 55 0.134754
26 56 0.144368
26 57 0.154623
26 58 0.165518
26 59 0.177055
26 60 0.189232
26 61 0.202051
26 62 0.21551
26 63 0.229611
26 64 0.244352
26 65 0.259734
26 66 0.275757
26 67 0.292421
26 68 0.309726
26 69 0.327672
26 70 0.346259
26 71 0.365486
26 72 0.385355
26 73 0.405864
26 74 0.427015
26 75 0.448806
26 76 0.471239
26 77 0.494312
26 78 0.518026
26 79 0.542381
26 80 0.567377
27 1 0.558404
27 2 0.533408
27 3 0.509053
27 4 0.485339
27 5 0.462266
27 6 0.439833
27 7 0.418042
27 8 0.396892
27 9 0.376382
27 10 0.356513
27 11 0.337286
27 12 0.318699
27 13 0.300753
27 14 0.283448
27 15 0.266784
27 16 0.250761
27 17 0.235379
27 18 0.220638
27 19 0.206537
27 20 0.193078
27 21 0.18026
27 22 0.168082
27 23 0.156545
27 24 0.14565
27 25 0.135395
27 26 0.125781
27 27 0.116808
27 28 0.108476
27 29 0.100785
27 30 0.093735
27 31 0.0873257
27 32 0.0815574
27 33 0.0764301
27 34 0.0719436
27 35 0.0680981
27 36 0.0648934
27 37 0.0623298
27 38 0.060407
27 39 0.0591251
27 40 0.0584842
27 41 0.0584842
27 42 0.0591251
27 43 0.060407
27 44 0.0623298
27 45 0.0648934
27 46 0.0680981
27 47 0.0719436
27 48 0.0764301
27 49 0.0815574
27 50 0.0873257
27 51 0.093735
27 52 0.100785
27 53 0.108476
27 54 0.116808
27 55 0.125781
27 56 0.135395
27 57 0.14565
27 58 0.156545
27 59 0.168082
27 60 0.18026
27 61 0.193078
27 62 0.206537
27 63 0.220638
27 64 0.235379
27 65 0.250761
27 66 0.266784
27 67 0.283448
27 68 0.300753
27 69 0.318699
27 70 0.337286
27 71 0.356513
27 72 0.376382
27 73 0.396892
27 74 0.418042
27 75 0.439833
27 76 0.462266
27 77 0.485339
27 78 0.509053
27 79 0.533408
27 80 0.558404
28 1 0.550072
28 2 0.525076
28 3 0.500721
28 4 0.477007
28 5 0.453934
28 6 0.431501
28 7 0.40971
28 8 0.38856
28 9 0.36805
28 10 0.348181
28 11 0.328954
28 12 0.310367
28 13 0.292421
28 14 0.275116
28 15 0.258452
28 16 0.242429
28 17 0.227047
28 18 0.212306
28 19 0.198205
28 20 0.184746
28 21 0.171928
28 22 0.15975
28 23 0.148213
28 24 0.137318
28 25 0.127063
28 26 0.117449
28 27 0.108476
28 28 0.100144
28 29 0.0924531
28 30 0.085403
28 31 0.0789938
28 32 0.0732254
28 33 0.0680981
28 34 0.0636116
28 35 0.0597661
28 36 0.0565614
28 37 0.0539978
28 38 0.052075
28 39 0.0507931
28 40 0.0501522
28 41 0.0501522
28 42 0.0507931
28 43 0.052075
28 44 0.0539978
28 45 0.0565614
28 46 0.0597661
28 47 0.0636116
28 48 0.0680981
28 49 0.0732254
28 50 0.0789938
28 51 0.085403
28 52 0.0924531
28 53 0.100144
28 54 0.108476
28 55 0.117449
28 56 0.127063
28 57 0.137318
28 58 0.148213
28 59 0.15975
28 60 0.171928
28 61 0.184746
28 62 0.198205
28 63 0.212306
28 64 0.227047
28 65 0.242429
28 66 0.258452
28 67 0.275116
28 68 0.292421
28 69 0.310367
28 70 0.328954
28 71 0.348181
28 72 0.36805
28 73 0.38856
28 74 0.40971
28 75 0.431501
28 76 0.453934
28 77 0.477007
28 78 0.500721
28 79 0.525076
28 80 0.550072
29 1 0.542381
29 2 0.517385
29 3 0.49303
29 4 0.469316
29 5 0.446243
29 6 0.42381
29 7 0.402019
29 8 0.380868
29 9 0.360359
29 10 0.34049
29 11 0.321263
29 12 0.302676
29 13 0.28473
29 14 0.267425
29 15 0.250761
29 16 0.234738
29 17 0.219356
29 18 0.204615
29 19 0.190514
29 20 0.177055
29 21 0.164237
29 22 0.152059
29 23 0.140522
29 24 0.129627
29 25 0.119372
29 26 0.109758
29 27 0.100785
29 28 0.0924531
29 29 0.0847621
29 30 0.0777119
29 31 0.0713027
29 32 0.0655344
29 33 0.060407
29 34 0.0559205
29 35 0.052075
29 36 0.0488704
29 37 0.0463067
29 38 0.0443839
29 39 0.0431021
29 40 0.0424611
29 41 0.0424611
29 42 0.0431021
29 43 0.0443839
29 44 0.0463067
29 45 0.0488704
29 46 0.052075
29 47 0.0559205
29 48 0.060407
29 49 0.0655344
29 50 0.0713027
29 51 0.0777119
29 52 0.0847621
29 53 0.0924531
29 54 0.100785
29 55 0.109758
29 56 0.119372
29 57 0.129627
29 58 0.140522
29 59 0.152059
29 60 0.164237
29 61 0.177055
29 62 0.190514
29 63 0.204615
29 64 0.219356
29 65 0.234738
29 66 0.250761
29 67 0.267425
29 68 0.28473
29 69 0.302676
29 70 0.321263
29 71 0.34049
29 72 0.360359
29 73 0.380868
29 74 0.402019
29 75 0.42381
29 76 0.446243
29 77 0.469316
29 78 0.49303
29 79 0.517385
29 80 0.542381
30 1 0.535331
30 2 0.510335
30 3 0.48598
30 4 0.462266
30 5 0.439192
30 6 0.41676
30 7 0.394969
30 8 0.373818
30 9 0.353309
30 10 0.33344
30 11 0.314212
30 12 0.295626
30 13 0.27768
30 14 0.260375
30 15 0.243711
30 16 0.227688
30 17 0.212306
30 18 0.197564
30 19 0.183464
30 20 0.170005
30 21 0.157186
30 22 0.145009
30 23 0.133472
30 24 0.122577
30 25 0.112322
30 26 0.102708
30 27 0.093735
30 28 0.085403
30 29 0.0777119
30 30 0.0706618
30 31 0.0642525
30 32 0.0584842
30 33 0.0533568
30 34 0.0488704
30 35 0.0450248
30 36 0.0418202
30 37 0.0392565
30 38 0.0373338
30 39 0.0360519
30 40 0.035411
30 41 0.035411
30 42 0.0360519
30 43 0.0373338
30 44 0.0392565
30 45 0.0418202
30 46 0.0450248
30 47 0.0488704
30 48 0.0533568
30 49 0.0584842
30 50 0.0642525
30 51 0.0706618
30 52 0.0777119
30 53 0.085403
30 54 0.093735
30 55 0.102708
30 56 0.112322
30 57 0.122577
30 58 0.133472
30 59 0.145009
30 60 0.157186
30 61 0.170005
30 62 0.183464
30 63 0.197564
30 64 0.212306
30 65 0.227688
30 66 0.243711
30 67 0.260375
30 68 0.27768
30 69 0.295626
30 70 0.314212
30 71 0.33344
30 72 0.353309
30 73 0.373818
30 74 0.394969
30 75 0.41676
30 76 0.439192
30 77 0.462266
30 78 0.48598
30 79 0.510335
30 80 0.535331
31 1 0.528922
31 2 0.503926
31 3 0.479571
31 4 0.455856
31 5 0.432783
31 6 0.410351
31 7 0.38856
31 8 0.367409
31 9 0.3469
31 10 0.327031
31 11 0.307803
31 12 0.289216
31 13 0.271271
31 14 0.253966
31 15 0.237302
31 16 0.221279
31 17 0.205896
31 18 0.191155
31 19 0.177055
31 20 0.163596
31 21 0.150777
31 22 0.1386
31 23 0.127063
31 24 0.116167
31 25 0.105913
31 26 0.0962987
31 27 0.0873257
31 28 0.0789938
31 29 0.0713027
31 30 0.0642525
31 31 0.0578433
31 32 0.052075
31 33 0.0469476
31 34 0.0424611
31 35 0.0386156
31 36 0.035411
31 37 0.0328473
31 38 0.0309245
31 39 0.0296427
31 40 0.0290018
31 41 0.0290018
31 42 0.0296427
31 43 0.0309245
31 44 0.0328473
31 45 0.035411
31 46 0.0386156
31 47 0.0424611
31 48 0.0469476
31 49 0.052075
31 50 0.0578433
31 51 0.0642525
31 52 0.0713027
31 53 0.0789938
31 54 0.0873257
31 55 0.0962987
31 56 0.105913
31 57 0.116167
31 58 0.127063
31 59 0.1386
31 60 0.150777
31 61 0.163596
31 62 0.177055
31 63 0.191155
31 64 0.205896
31 65 0.221279
31 66 0.237302
31 67 0.253966
31 68 0.271271
31 69 0.289216
31 70 0.307803
31 71 0.327031
31 72 0.3469
31 73 0.367409
31 74 0.38856
31 75 0.410351
31 76 0.432783
31 77 0.455856
31 78 0.479571
31 79 0.503926
31 80 0.528922
32 1 0.523153
32 2 0.498157
32 3 0.473802
32 4 0.450088
32 5 0.427015
32 6 0.404583
32 7 0.382791
32 8 0.361641
32 9 0.341131
32 10 0.321263
32 11 0.302035
32 12 0.283448
32 13 0.265502
32 14 0.248197
32 15 0.231533
32 16 0.21551
32 17 0.200128
32 18 0.185387
32 19 0.171287
32 20 0.157827
32 21 0.145009
32 22 0.132831
32 23 0.121295
32 24 0.110399
32 25 0.100144
32 26 0.0905304
32 27 0.0815574
32 28 0.0732254
32 29 0.0655344
32 30 0.0584842
32 31 0.052075
32 32 0.0463067
32 33 0.0411793
32 34 0.0366928
32 35 0.0328473
32 36 0.0296427
32 37 0.027079
32 38 0.0251562
32 39 0.0238744
32 40 0.0232335
32 41 0.0232335
32 42 0.0238744
32 43 0.0251562
32 44 0.027079
32 45 0.0296427
32 46 0.0328473
32 47 0.0366928
32 48 0.0411793
32 49 0.0463067
32 50 0.052075
32 51 0.0584842
32 52 0.0655344
32 53 0.0732254
32 54 0.0815574
32 55 0.0905304
32 56 0.100144
32 57 0.110399
32 58 0.121295
32 59 0.132831
32 60 0.145009
32 61 0.157827
32 62 0.171287
32 63 0.185387
32 64 0.200128
32 65 0.21551
32 66 0.231533
32 67 0.248197
32 68 0.265502
32 69 0.283448
32 70 0.302035
32 71 0.321263
32 72 0.341131
32 73 0.361641
32 74 0.382791
32 75 0.404583
32 76 0.427015
32 77 0.450088
32 78 0.473802
32 79 0.498157
32 80 0.523153
33 1 0.518026
33 2 0.49303
33 3 0.468675
33 4 0.444961
33 5 0.421888
33 6 0.399455
33 7 0.377664
33 8 0.356513
33 9 0.336004
33 10 0.316135
33 11 0.296908
33 12 0.278321
33 13 0.260375
33 14 0.24307
33 15 0.226406
33 16 0.210383
33 17 0.195001
33 18 0.18026
33 19 0.166159
33 20 0.1527
33 21 0.139881
33 22 0.127704
33 23 0.116167
33 24 0.105272
33 25 0.0950168
33 26 0.085403
33 27 0.0764301
33 28 0.0680981
33 29 0.060407
33 30 0.0533568
33 31 0.0469476
33 32 0.0411793
33 33 0.0360519
33 34 0.0315655
33 35 0.0277199
33 36 0.0245153
33 37 0.0219516
33 38 0.0200288
33 39 0.018747
33 40 0.0181061
33 41 0.0181061
33 42 0.018747
33 43 0.0200288
33 44 0.0219516
33 45 0.0245153
33 46 0.0277199
33 47 0.0315655
33 48 0.0360519
33 49 0.0411793
33 50 0.0469476
33 51 0.0533568
33 52 0.060407
33 53 0.0680981
33 54 0.0764301
33 55 0.085403
33 56 0.0950168
33 57 0.105272
33 58 0.116167
33 59 0.127704
33 60 0.139881
33 61 0.1527
33 62 0.166159
33 63 0.18026
33 64 0.195001
33 65 0.210383
33 66 0.226406
33 67 0.24307
33 68 0.260375
33 69 0.278321
33 70 0.296908
33 71 0.316135
33 72 0.336004
33 73 0.356513
33 74 0.377664
33 75 0.399455
33 76 0.421888
33 77 0.444961
33 78 0.468675
33 79 0.49303
33 80 0.518026
34 1 0.513539
34 2 0.488544
34 3 0.464188
34 4 0.440474
34 5 0.417401
34 6 0.394969
34 7 0.373177
34 8 0.352027
34 9 0.331517
34 10 0.311649
34 11 0.292421
34 12 0.273834
34 13 0.255888
34 14 0.238584
34 15 0.22192
34 16 0.205896
34 17 0.190514
34 18 0.175773
34 19 0.161673
34 20 0.148213
34 21 0.135395
34 22 0.123217
34 23 0.111681
34 24 0.100785
34 25 0.0905304
34 26 0.0809165
34 27 0.0719436
34 28 0.0636116
34 29 0.0559205
34 30 0.0488704
34 31 0.0424611
34 32 0.0366928
34 33 0.0315655
34 34 0.027079
34 35 0.0232335
34 36 0.0200288
34 37 0.0174651
34 38 0.0155424
34 39 0.0142605
34 40 0.0136196
34 41 0.0136196
34 42 0.0142605
34 43 0.0155424
34 44 0.0174651
34 45 0.0200288
34 46 0.0232335
34 47 0.027079
34 48 0.0315655
34 49 0.0366928
34 50 0.0424611
34 51 0.0488704
34 52 0.0559205
34 53 0.0636116
34 54 0.0719436
34 55 0.0809165
34 56 0.0905304
34 57 0.100785
34 58 0.111681
34 59 0.123217
34 60 0.135395
34 61 0.148213
34 62 0.161673
34 63 0.175773
34 64 0.190514
34 65 0.205896
34 66 0.22192
34 67 0.238584
34 68 0.255888
34 69 0.273834
34 70 0.292421
34 71 0.311649
34 72 0.331517
34 73 0.352027
34 74 0.373177
34 75 0.394969
34 76 0.417401
34 77 0.440474
34 78 0.464188
34 79 0.488544
34 80 0.513539
35 1 0.509694
35 2 0.484698
35 3 0.460343
35 4 0.436629
35 5 0.413556
35 6 0.391123
35 7 0.369332
35 8 0.348181
35 9 0.327672
35 10 0.307803
35 11 0.288576
35 12 0.269989
35 13 0.252043
35 14 0.234738
35 15 0.218074
35 16 0.202051
35 17 0.186669
